plan_id,facility_id,prefecture,facility,category,treatment,status,match_score,document_url,amount,tax,unit,products,score,excerpt,error
P00302,F0207,東京都,AR-Ex尾山台整形外科,第三種,自家多血小板血漿（PRP）を用いた筋肉、腱、靭帯、筋膜の損傷及び慢性炎症の治療（関節外の軟部組織）,QC,1.0,https://saiseiiryo.mhlw.go.jp/published_plan/download/01C2503075/5/0,35000,税別,1 回(1 部位),ACP MAX|ACP,0,"示いただける方に限 られます。 学割プランの詳細につきましては、当院よりご案内いたしますので、 ご希望の方はお気軽にお申し出ください。 キット 費用(税別) ACP およびハンドメイド 1 回(1 部位) 50,000 円 ACP およびハンドメイド(学割) 1 回(1 部位) 35,000 円 ACP ダブルショット 1 回(1 部位) 95,000 円 ACP MAX 1 回(1 部位) 150,000 円 (3) 採血を開始してからのキャンセルについては、キャンセル費用をいただ きます。 11. 試料等の保存及び廃棄の方法 患者様から採取した血液と作製したPRP は、患者様ご自身の治療のみ",
P00302,F0207,東京都,AR-Ex尾山台整形外科,第三種,自家多血小板血漿（PRP）を用いた筋肉、腱、靭帯、筋膜の損傷及び慢性炎症の治療（関節外の軟部組織）,QC,1.0,https://saiseiiryo.mhlw.go.jp/published_plan/download/01C2503075/5/0,50000,税別,1 回(1 部位),ACP MAX|ACP,0,"ランもご用意して おります。 対象は、義務教育就学児、および有効な学生証を提示いただける方に限 られます。 学割プランの詳細につきましては、当院よりご案内いたしますので、 ご希望の方はお気軽にお申し出ください。 キット 費用(税別) ACP およびハンドメイド 1 回(1 部位) 50,000 円 ACP およびハンドメイド(学割) 1 回(1 部位) 35,000 円 ACP ダブルショット 1 回(1 部位) 95,000 円 ACP MAX 1 回(1 部位) 150,000 円 (3) 採血を開始してからのキャンセルについては、キャンセル費用をいただ きます。 11. 試料等の保存及び廃棄の方",
P00302,F0207,東京都,AR-Ex尾山台整形外科,第三種,自家多血小板血漿（PRP）を用いた筋肉、腱、靭帯、筋膜の損傷及び慢性炎症の治療（関節外の軟部組織）,QC,1.0,https://saiseiiryo.mhlw.go.jp/published_plan/download/01C2503075/5/0,95000,税別,1 回(1 部位),ACP MAX|ACP,0,"院よりご案内いたしますので、 ご希望の方はお気軽にお申し出ください。 キット 費用(税別) ACP およびハンドメイド 1 回(1 部位) 50,000 円 ACP およびハンドメイド(学割) 1 回(1 部位) 35,000 円 ACP ダブルショット 1 回(1 部位) 95,000 円 ACP MAX 1 回(1 部位) 150,000 円 (3) 採血を開始してからのキャンセルについては、キャンセル費用をいただ きます。 11. 試料等の保存及び廃棄の方法 患者様から採取した血液と作製したPRP は、患者様ご自身の治療のみ に使用します。ただし、症例検討や学会発表を目的として、血液やPRP",
P00302,F0207,東京都,AR-Ex尾山台整形外科,第三種,自家多血小板血漿（PRP）を用いた筋肉、腱、靭帯、筋膜の損傷及び慢性炎症の治療（関節外の軟部組織）,QC,1.0,https://saiseiiryo.mhlw.go.jp/published_plan/download/01C2503075/5/0,150000,税別,1 回(1 部位),ACP MAX|ACP,0,"ください。 キット 費用(税別) ACP およびハンドメイド 1 回(1 部位) 50,000 円 ACP およびハンドメイド(学割) 1 回(1 部位) 35,000 円 ACP ダブルショット 1 回(1 部位) 95,000 円 ACP MAX 1 回(1 部位) 150,000 円 (3) 採血を開始してからのキャンセルについては、キャンセル費用をいただ きます。 11. 試料等の保存及び廃棄の方法 患者様から採取した血液と作製したPRP は、患者様ご自身の治療のみ に使用します。ただし、症例検討や学会発表を目的として、血液やPRP の測定を行い、データを取得することがあります。 血液およびP",
P00304,F0213,東京都,RiCarna Clinic,第三種,自己多血小板血漿（PRP）を用いた筋・腱・靱帯損傷部の治癒促進を目的とした整形外科治療,QC,1.0,https://saiseiiryo.mhlw.go.jp/published_plan/download/01C2502013/5/0,220000,税込,,,0,"つく可能性がある 医薬品として承認されており、 品質は安定している アレルギーの 可能性 自己血由来の為、アレルギー反応 の可能性は比較的低いが、完全 には否定できない 品質管理されており、安全性は高 いが、アレルギー反応の可能性を 完全には否定できない ≪治療費用≫ □治療費は、PRP1ccにつき220,000円(税込)です。 ※患部の状態を確認した医師の判断、およびそれに応じたPRPの 投与量等により変更となる場合があります※ ≪健康被害のための補償≫ □当クリニックでは、安全性を十分に考慮し、医師の判断のもと適 切な治療を提供します。本治療が原因であると思われる有害事象が 発生した場合には可能な限り必要な処置をさせていただきますので 当院に",
P00305,F0214,東京都,SBC整形外科クリニック西新宿本院,第三種,多血小板血漿（PRP）の投与によるスポーツ外傷を含む筋、腱、靱帯損傷治療,AUTO,1.0,https://saiseiiryo.mhlw.go.jp/published_plan/download/03C2510017/5/0,40000,不明,1回,GPS|Mycells,8,"9, No. 6, 2011よ り 9. 治療にかかる費用につい て この治療は公的保険の対象ではありませんので、当クリニック所定 の下記の施術料をお支払いいただきます。 ・PRP(MyCells®キット)を用いた治療における施術料 40,000円 ・PRP(遠沈管での製造)を用いた治療における施術料 170,000円 ・PRP(GPSIIIキット)を用いた治療における施術料 308,000円 ご不明な点は医師・スタッフにお尋ねください。なお1回の施術あ たりの費用は、患部の状態を確認した医師の判断、およびそれに応 じたPRP投与量等により変更となる場合がございます。 10. その",
P00305,F0214,東京都,SBC整形外科クリニック西新宿本院,第三種,多血小板血漿（PRP）の投与によるスポーツ外傷を含む筋、腱、靱帯損傷治療,AUTO,1.0,https://saiseiiryo.mhlw.go.jp/published_plan/download/03C2510017/5/0,170000,不明,1回,GPS|Mycells,8,"この治療は公的保険の対象ではありませんので、当クリニック所定 の下記の施術料をお支払いいただきます。 ・PRP(MyCells®キット)を用いた治療における施術料 40,000円 ・PRP(遠沈管での製造)を用いた治療における施術料 170,000円 ・PRP(GPSIIIキット)を用いた治療における施術料 308,000円 ご不明な点は医師・スタッフにお尋ねください。なお1回の施術あ たりの費用は、患部の状態を確認した医師の判断、およびそれに応 じたPRP投与量等により変更となる場合がございます。 10. その他治療についての注意事 項",
P00305,F0214,東京都,SBC整形外科クリニック西新宿本院,第三種,多血小板血漿（PRP）の投与によるスポーツ外傷を含む筋、腱、靱帯損傷治療,AUTO,1.0,https://saiseiiryo.mhlw.go.jp/published_plan/download/03C2510017/5/0,308000,不明,1回,GPS|Mycells,8,"公的保険の対象ではありませんので、当クリニック所定 の下記の施術料をお支払いいただきます。 ・PRP(MyCells®キット)を用いた治療における施術料 40,000円 ・PRP(遠沈管での製造)を用いた治療における施術料 170,000円 ・PRP(GPSIIIキット)を用いた治療における施術料 308,000円 ご不明な点は医師・スタッフにお尋ねください。なお1回の施術あ たりの費用は、患部の状態を確認した医師の判断、およびそれに応 じたPRP投与量等により変更となる場合がございます。 10. その他治療についての注意事 項 患者様の体調が良くない場合や、採取した血液の状態によっ",
P00306,F0216,東京都,TAO Clinic,第三種,自家多血小板血漿（PRP）を用いた筋肉、腱、靭帯、筋膜の損傷及び慢性炎症の治療（関節外の軟部組織）,QC,1.0,https://saiseiiryo.mhlw.go.jp/published_plan/download/01C2602015/5/0,30000,税込,,ACP MAX|ACP|Angel,0,"、治療開始前であればいつでも同意を撤回できます。その場合も不利益な扱いは受けませ ん。 本治療は公的医療保険が適用されない「自由診療」です。全額自己負担となります。 治療の種類 治療の種類 血小板の平均的な含有量 血小板の平均的な含有量 費用(税込) 費用(税込) ACP‐PRP(通常) 20億個 30,000円 HD‐PRP(ACP MAX) 90億個 100,000円 HD‐PRP(Angel) 150億個 200,000円 ※上記には、採血・調製・注入の技術料が含まれます。 ※採血開始後のキャンセルは、材料等が既に使用されているため、費用全額を申し受けます。 11. 11. 試料等の保存及び廃棄の方法 試料等の保存及び廃棄の方法 採取した血",
P00306,F0216,東京都,TAO Clinic,第三種,自家多血小板血漿（PRP）を用いた筋肉、腱、靭帯、筋膜の損傷及び慢性炎症の治療（関節外の軟部組織）,QC,1.0,https://saiseiiryo.mhlw.go.jp/published_plan/download/01C2602015/5/0,100000,税込,,ACP MAX|ACP|Angel,0,"不利益な扱いは受けませ ん。 本治療は公的医療保険が適用されない「自由診療」です。全額自己負担となります。 治療の種類 治療の種類 血小板の平均的な含有量 血小板の平均的な含有量 費用(税込) 費用(税込) ACP‐PRP(通常) 20億個 30,000円 HD‐PRP(ACP MAX) 90億個 100,000円 HD‐PRP(Angel) 150億個 200,000円 ※上記には、採血・調製・注入の技術料が含まれます。 ※採血開始後のキャンセルは、材料等が既に使用されているため、費用全額を申し受けます。 11. 11. 試料等の保存及び廃棄の方法 試料等の保存及び廃棄の方法 採取した血液および作製したPRPは、当該治療に全量使用するため保存はし",
P00306,F0216,東京都,TAO Clinic,第三種,自家多血小板血漿（PRP）を用いた筋肉、腱、靭帯、筋膜の損傷及び慢性炎症の治療（関節外の軟部組織）,QC,1.0,https://saiseiiryo.mhlw.go.jp/published_plan/download/01C2602015/5/0,200000,税込,,ACP MAX|ACP|Angel,0,"れない「自由診療」です。全額自己負担となります。 治療の種類 治療の種類 血小板の平均的な含有量 血小板の平均的な含有量 費用(税込) 費用(税込) ACP‐PRP(通常) 20億個 30,000円 HD‐PRP(ACP MAX) 90億個 100,000円 HD‐PRP(Angel) 150億個 200,000円 ※上記には、採血・調製・注入の技術料が含まれます。 ※採血開始後のキャンセルは、材料等が既に使用されているため、費用全額を申し受けます。 11. 11. 試料等の保存及び廃棄の方法 試料等の保存及び廃棄の方法 採取した血液および作製したPRPは、当該治療に全量使用するため保存はしません。残余分が生じた場合は、医療 廃棄物として適切に処理",
P00237,F0218,東京都,TOKYOひまわりクリニック,第二種,自己脂肪由来間葉系幹細胞を用いた変形性関節症治療,QC,1.0,https://saiseiiryo.mhlw.go.jp/published_plan/download/03C2503010/5/0,,,,,,,Document fetched but no price candidate
P00324,F0225,東京都,アーモンドクリニック,第二種,自家培養脂肪由来幹細胞を用いた変形性膝関節症の治療,QC,1.0,https://saiseiiryo.mhlw.go.jp/published_plan/download/01C2211010/5/0,,,,,,,Document fetched but no price candidate
P00307,F0230,東京都,ガーデンクリニック ザ・ホワイトデンタルクリニック 品川院,第三種,自家多血小板血漿（PRP）を用いた筋肉、腱、靭帯、筋膜の損傷及び慢性炎症の治療（関節外の軟部組織）,AUTO,1.0,https://saiseiiryo.mhlw.go.jp/published_plan/download/03C2110022/5/0,319000,税込,2 回分,,9,"て自費診療です。 (2) 本治療にかかる費用は、以下のとおりです。なお、費用は、治療に伴う診査、 自家PRP 調製のための採血にかかる費用、自家PRP 調製費用、注入にかか る費用の総額となります。左右両側に投与する場合は、2 回分です。 PRP 療法1回(1 部位) 319,000 円(税込) 11. 試料等の保存及び廃棄の方法 患者様から採取した血液と作製したPRP は、患者様ご自身の治療のみに 使用します。ただし、症例検討や学会発表を目的として、血液やPRP の測 定を行い、データを取得することがあります。 血液およびPRP は微量で全量を使用するため、保管はしません。治療に 用いない血液ま",
P00308,F0231,東京都,キヤンメディカルクリニック虎ノ門,第三種,多血小板血漿を用いた整形外科領域（関節腔内への投与を除く）の治療,QC,1.0,https://saiseiiryo.mhlw.go.jp/published_plan/download/01C2409027/5/0,,,,,,,Document fetched but no price candidate
P00238,F0239,東京都,リソークリニック,第二種,変形性関節症に対する自己脂肪・滑膜由来培養間葉系幹細胞の関節内投与療法,AUTO,1.0,https://saiseiiryo.mhlw.go.jp/published_plan/download/02C2607007/5/0,498000,税別,1回,,9,"険適用外ですので、治療にかかる費用全額をご自分でご負担いただきます。その他、本治療を受け るために必要となった宿泊費・交通費などの全ての費用もご自分でご負担いただきます。 治療に必要な費用は細胞採取費用・局所麻酔料・培養費用・細胞保管料・関節内投与料・鎮痛剤・抗生物質な どを含めて、幹細胞1億個:498,000円/回(税別)となっております。症状やMRI 等の画像診断結果により投与量 (細胞数)が異なります。 また、1回の脂肪採取で1〜4回の投与分の細胞培養が可能です(採取した脂肪や細胞の状況により異なりま す)。なお、患者様ごとに投与量、投与回数と投与回数に応じたトータル費用(概算)を説明しますので、必ず担 当医の説明を受けてください。2",
P00239,F0217,東京都,一般社団法人 The cell clinic,第二種,変形性膝関節症に対する自己脂肪由来間葉系幹細胞治療,AUTO,1.0,https://saiseiiryo.mhlw.go.jp/published_plan/download/01C2503081/5/0,550000,税込,1 部位,,8,"本治療は、保険適用外の治療(自由診療)であるため、本治療の提供にかかる費用は、培養にかかる細胞加工 費、幹細胞投与費、検査費、薬剤などの消耗備品を含め治療費総額 初回 1 部位 1,100,000 円(税込) 2 部位 1,650,000 円(税込) 2 回目以降 1 部位 550,000 円(税込) 2 部位 550,000 円(税込) を患者様ご自身にご負担いただきます。 また、治療に使用する細胞の品質が悪く治療ができない場合、再度脂肪組織の採取および細胞培養を行います。その 際に係る費用については、請求することはありませんが、旅費、交通費などの費用はご自身でご負担いただきます。あらか じめご了承ください。なお",
P00239,F0217,東京都,一般社団法人 The cell clinic,第二種,変形性膝関節症に対する自己脂肪由来間葉系幹細胞治療,AUTO,1.0,https://saiseiiryo.mhlw.go.jp/published_plan/download/01C2503081/5/0,1100000,税込,1 部位,,8,"ませんし、これからの治療に影響することもありま せん。 12. 本治療の費用について 本治療は、保険適用外の治療(自由診療)であるため、本治療の提供にかかる費用は、培養にかかる細胞加工 費、幹細胞投与費、検査費、薬剤などの消耗備品を含め治療費総額 初回 1 部位 1,100,000 円(税込) 2 部位 1,650,000 円(税込) 2 回目以降 1 部位 550,000 円(税込) 2 部位 550,000 円(税込) を患者様ご自身にご負担いただきます。 また、治療に使用する細胞の品質が悪く治療ができない場合、再度脂肪組織の採取および細胞培養を行います。その 際に係る費用については、請求するこ",
P00239,F0217,東京都,一般社団法人 The cell clinic,第二種,変形性膝関節症に対する自己脂肪由来間葉系幹細胞治療,AUTO,1.0,https://saiseiiryo.mhlw.go.jp/published_plan/download/01C2503081/5/0,1650000,税込,1 部位,,8,"りま せん。 12. 本治療の費用について 本治療は、保険適用外の治療(自由診療)であるため、本治療の提供にかかる費用は、培養にかかる細胞加工 費、幹細胞投与費、検査費、薬剤などの消耗備品を含め治療費総額 初回 1 部位 1,100,000 円(税込) 2 部位 1,650,000 円(税込) 2 回目以降 1 部位 550,000 円(税込) 2 部位 550,000 円(税込) を患者様ご自身にご負担いただきます。 また、治療に使用する細胞の品質が悪く治療ができない場合、再度脂肪組織の採取および細胞培養を行います。その 際に係る費用については、請求することはありませんが、旅費、交通費などの費用は",
P00301,F0215,東京都,一般社団法人SOL SOL整形外科世田谷スポーツクリニック,第三種,多血小板血漿（PRP）を用いた整形外科領域における軟部組織治療,AUTO,0.9874,https://saiseiiryo.mhlw.go.jp/published_plan/download/01C2206037/5/0,40000,税別,,ACP,8,"りますが、患者 様個人を特定できる内容が使われることはありません。 治療にかかる費用について この治療は公的保険の対象ではありませんので、当院所定の施術料をお支払いいただきま す。 ・アースレックス社製 ACP 40,000 円(税抜) ・DSM バイオメディカル社製 PRP システム 30ml キット仕様 200,000 円(税抜) 60ml キット仕様 300,000 円(税抜) 症状などにより治療費は変動する可能性がございます。 詳細やご不明な点は医師またはスタッフにお尋ね下さい。 施術後、患者様の個人的な",
P00301,F0215,東京都,一般社団法人SOL SOL整形外科世田谷スポーツクリニック,第三種,多血小板血漿（PRP）を用いた整形外科領域における軟部組織治療,AUTO,0.9874,https://saiseiiryo.mhlw.go.jp/published_plan/download/01C2206037/5/0,200000,税別,,ACP,8,"この治療は公的保険の対象ではありませんので、当院所定の施術料をお支払いいただきま す。 ・アースレックス社製 ACP 40,000 円(税抜) ・DSM バイオメディカル社製 PRP システム 30ml キット仕様 200,000 円(税抜) 60ml キット仕様 300,000 円(税抜) 症状などにより治療費は変動する可能性がございます。 詳細やご不明な点は医師またはスタッフにお尋ね下さい。 施術後、患者様の個人的な事情及び金銭等に関する問題に関しては一切の責を負いかねます のでご了承ください。 本治療の実",
P00301,F0215,東京都,一般社団法人SOL SOL整形外科世田谷スポーツクリニック,第三種,多血小板血漿（PRP）を用いた整形外科領域における軟部組織治療,AUTO,0.9874,https://saiseiiryo.mhlw.go.jp/published_plan/download/01C2206037/5/0,300000,税別,,ACP,8,"ませんので、当院所定の施術料をお支払いいただきま す。 ・アースレックス社製 ACP 40,000 円(税抜) ・DSM バイオメディカル社製 PRP システム 30ml キット仕様 200,000 円(税抜) 60ml キット仕様 300,000 円(税抜) 症状などにより治療費は変動する可能性がございます。 詳細やご不明な点は医師またはスタッフにお尋ね下さい。 施術後、患者様の個人的な事情及び金銭等に関する問題に関しては一切の責を負いかねます のでご了承ください。 本治療の実施体制 本治療は、以下の",
P00312,F0229,東京都,一般社団法人エンパシア IIT CLINIC,第二種,自家多血小板血漿（PRP）を用いた慢性関節炎の治療（関節内組織）,QC,0.9838,https://saiseiiryo.mhlw.go.jp/published_plan/download/01C2504027/5/0,,,,,,,Document fetched but no price candidate
P00313,F0252,東京都,一般社団法人健寿会 表参道イーグルクリニック,第二種,自己脂肪由来幹細胞を用いた変形性関節症の治療,AUTO,1.0,https://saiseiiryo.mhlw.go.jp/published_plan/download/02C2410002/5/0,1100000,税込,1回,,9,"、管理 者(院長)へと報告し対応します。 再生医療事務局 電話番号:03-6630-6239 13.費用について 本治療は保険適用外であるため、治療にかかる費用全額をお支払い いただきます。その他、本治療を受けるために必要となった旅費、 交通費などの全ての費用も同様です。 本治療にかかる費用は1回 1,100,000円(税込)です。 なお、脂肪の採取後や、細胞加工物の製造後に同意を撤回された場 合など、同意を撤回される時点までに費用(治療費等)が発生して いる場合は、その時までに発生した費用についてもお支払いいただ きます。 14.他の治療法の有無、本治療法との比較について 変形性関節症の治療法には保存療法と手術療法の2つの方法があり ます。薬物投与",
P00314,F0252,東京都,一般社団法人健寿会 表参道イーグルクリニック,第二種,多血小板血漿を用いた変形性関節症の治療,AUTO,1.0,https://saiseiiryo.mhlw.go.jp/published_plan/download/02C2410004/5/0,55000,税込,1回,,9,"対応させていただきます。 再生医療事務局 電話番号:03-6630-6239 13.費用について 本治療は保険の適用外であるため、自由診療として提供いたしま す。そのため、本治療を提供するために必要となる費用につきまし てはあなたに全額ご負担いただく必要がございます。治療に必要と なる費用は1回 55,000円(税込)となります。 なお、細胞の採取後や加工後に同意を撤回された場合など、同意 を撤回される時点までに費用が発生している場合は、発生した費用 についてはあなたにご負担いただきますのでご了承ください。 14.他の治療法の有無、本治療法との比較について 変形性関節症の治療法には保存療法と手術療法の2つの方法があ ります。薬物投与、装具装",
P00294,F0253,東京都,一般社団法人健瑞会 Abante Clinic 銀座,第二種,自家培養脂肪由来幹細胞を用いた関節疾患の治療,QC,1.0,https://saiseiiryo.mhlw.go.jp/published_plan/download/02C2607058/5/0,10000,税別,1 回,,8,"養脂肪由来幹細胞は、将来の再投与に備えて凍結保存することが 可能です。 ただし、細胞の凍結保存および管理には、2 年目以降に別途費用が発生いたしますので、あらかじめご 了承ください。 I. 治療費については以下の通りです。 料金表 項目 費用(税別) 診察料(血液検査も含む) 10,000 円 血液検査料 50,000 円 自家培養脂肪由来幹細胞投与 1 回* 5,000,000 円 細胞保管費用(2 年目以降) (年間)100,000 円 *医師によるカウンセリングを受け、同意書にご署名いただきましたら、血液検査料と別に 予約金として「投与費用」を事前にお支払いいただきます。 II.",
P00294,F0253,東京都,一般社団法人健瑞会 Abante Clinic 銀座,第二種,自家培養脂肪由来幹細胞を用いた関節疾患の治療,QC,1.0,https://saiseiiryo.mhlw.go.jp/published_plan/download/02C2607058/5/0,50000,税別,1 回,,0,"備えて凍結保存することが 可能です。 ただし、細胞の凍結保存および管理には、2 年目以降に別途費用が発生いたしますので、あらかじめご 了承ください。 I. 治療費については以下の通りです。 料金表 項目 費用(税別) 診察料(血液検査も含む) 10,000 円 血液検査料 50,000 円 自家培養脂肪由来幹細胞投与 1 回* 5,000,000 円 細胞保管費用(2 年目以降) (年間)100,000 円 *医師によるカウンセリングを受け、同意書にご署名いただきましたら、血液検査料と別に 予約金として「投与費用」を事前にお支払いいただきます。 II. キャンセルおよび日程変更について",
P00294,F0253,東京都,一般社団法人健瑞会 Abante Clinic 銀座,第二種,自家培養脂肪由来幹細胞を用いた関節疾患の治療,QC,1.0,https://saiseiiryo.mhlw.go.jp/published_plan/download/02C2607058/5/0,100000,税別,1 回,,0,"らかじめご 了承ください。 I. 治療費については以下の通りです。 料金表 項目 費用(税別) 診察料(血液検査も含む) 10,000 円 血液検査料 50,000 円 自家培養脂肪由来幹細胞投与 1 回* 5,000,000 円 細胞保管費用(2 年目以降) (年間)100,000 円 *医師によるカウンセリングを受け、同意書にご署名いただきましたら、血液検査料と別に 予約金として「投与費用」を事前にお支払いいただきます。 II. キャンセルおよび日程変更について ・ 細胞培養加工施設:株式会社セルバンク CPC ・ 細胞培養加工施設:日本バイオセラピー研究所 筑波研究所 CPF",
P00294,F0253,東京都,一般社団法人健瑞会 Abante Clinic 銀座,第二種,自家培養脂肪由来幹細胞を用いた関節疾患の治療,QC,1.0,https://saiseiiryo.mhlw.go.jp/published_plan/download/02C2607058/5/0,5000000,税別,1 回,,0,"保存および管理には、2 年目以降に別途費用が発生いたしますので、あらかじめご 了承ください。 I. 治療費については以下の通りです。 料金表 項目 費用(税別) 診察料(血液検査も含む) 10,000 円 血液検査料 50,000 円 自家培養脂肪由来幹細胞投与 1 回* 5,000,000 円 細胞保管費用(2 年目以降) (年間)100,000 円 *医師によるカウンセリングを受け、同意書にご署名いただきましたら、血液検査料と別に 予約金として「投与費用」を事前にお支払いいただきます。 II. キャンセルおよび日程変更について ・ 細胞培養加工施設:株式会社セルバンク CPC ・",
P00295,F0288,東京都,一般社団法人東京LAB 高輪ゲートウェイ駅前整形外科クリニック,第三種,多血小板血漿（PRP）を用いた整形外科領域における軟部組織治療,QC,0.9874,https://saiseiiryo.mhlw.go.jp/published_plan/download/01C2601048/5/0,27000,税別,,,6,"この治療は公的保険の対象ではありませんので、当院所定の施術料をお支払いいただきま す。 治療費 ・日本の健康保険証をお持ちの方 1キットあたり治療費: 36,000円(税抜) ・そうでない方 1キットあたり70,000円 (税抜) ・学生(中高生以下)等 1キットあたり27,000円(税抜) 6 症状などにより治療費は変動する可能性がございます。 詳細やご不明な点は医師またはスタッフにお尋ね下さい。 施術後、患者様の個人的な事情及び金銭等に関する問題に関しては一切の責を負いかねます のでご了承ください。 本治療の実施体制",
P00295,F0288,東京都,一般社団法人東京LAB 高輪ゲートウェイ駅前整形外科クリニック,第三種,多血小板血漿（PRP）を用いた整形外科領域における軟部組織治療,QC,0.9874,https://saiseiiryo.mhlw.go.jp/published_plan/download/01C2601048/5/0,36000,税別,,,6,"終診療日より原則10 年間保管いたしま す。 治療にかかる費用について この治療は公的保険の対象ではありませんので、当院所定の施術料をお支払いいただきま す。 治療費 ・日本の健康保険証をお持ちの方 1キットあたり治療費: 36,000円(税抜) ・そうでない方 1キットあたり70,000円 (税抜) ・学生(中高生以下)等 1キットあたり27,000円(税抜) 6 症状などにより治療費は変動する可能性がございます。 詳細やご不明な点は医師またはスタッフにお尋ね下さい。 施術後、患者様の個人的な事情及び金銭等に関する問題に関しては一切の責を負いか",
P00295,F0288,東京都,一般社団法人東京LAB 高輪ゲートウェイ駅前整形外科クリニック,第三種,多血小板血漿（PRP）を用いた整形外科領域における軟部組織治療,QC,0.9874,https://saiseiiryo.mhlw.go.jp/published_plan/download/01C2601048/5/0,70000,税別,,,6,"かかる費用について この治療は公的保険の対象ではありませんので、当院所定の施術料をお支払いいただきま す。 治療費 ・日本の健康保険証をお持ちの方 1キットあたり治療費: 36,000円(税抜) ・そうでない方 1キットあたり70,000円 (税抜) ・学生(中高生以下)等 1キットあたり27,000円(税抜) 6 症状などにより治療費は変動する可能性がございます。 詳細やご不明な点は医師またはスタッフにお尋ね下さい。 施術後、患者様の個人的な事情及び金銭等に関する問題に関しては一切の責を負いかねます のでご了承ください。 本治療の実施体",
P00303,F0318,東京都,一般社団法人雲動会 あおぞらクリニック整形外科,第三種,四肢の筋・腱・靱帯及びその付着部の傷害を対象とした自家多血小板血漿（PRP）注入療法,AUTO,1.0,https://saiseiiryo.mhlw.go.jp/published_plan/download/01C2503021/5/0,55000,税込,1 回,,9,"がご使用できない自由診療です。そのため、患者様の費用負担 が他の治療よりも高額になることがあります。当院において実施される本治療および本 治療に必要な検査などの費用は全額自己負担となります。 血液分離専用容器キットによる施術料1 回: 3種:PRP 血液分離専用容器キットによる施術料1 回 55,000円(税込) ※患者様の症状によっては、治療を数回行うことがあります。治療前、または治 療後の状態から担当医師が判断し、患者様にお伝えしご相談させて頂きます。 ※治療内容・回数により1回あたりの費用が減額される場合がございます。施術する 前に詳細な説明をいたしますので、ご納得いただいた上で施術いただきますようお 願い申し上げます。",
P00303,F0318,東京都,一般社団法人雲動会 あおぞらクリニック整形外科,第三種,四肢の筋・腱・靱帯及びその付着部の傷害を対象とした自家多血小板血漿（PRP）注入療法,AUTO,1.0,https://saiseiiryo.mhlw.go.jp/published_plan/download/01C2503021/5/0,5000,不明,,,-8,"を受けた後に同意されない場合でも、一切不利益を受けることはありません。 また同様に、治療を受けることに同意した場合であっても、投与までの間でしたら、 いつでも取りやめることができます。この場合でも、一切不利益を受けません。 (採血等にかかる実費等はご負担いただきます。 :採血後のキャンセル料 5,000 円 加工後のキャンセル料 35,000 円) もしこの治療を受けることに同意されない場合も、最適と考えられる治療を実施でき るように患者様の治療に最善を尽くします。 ただし、治療を行った後は、健康管理・アフターフォローのために必要に応じて適切 な検査を受けていただき、医学的に問題がないかを確認させていただきます。 11. 試料等の",
P00303,F0318,東京都,一般社団法人雲動会 あおぞらクリニック整形外科,第三種,四肢の筋・腱・靱帯及びその付着部の傷害を対象とした自家多血小板血漿（PRP）注入療法,AUTO,1.0,https://saiseiiryo.mhlw.go.jp/published_plan/download/01C2503021/5/0,35000,不明,,,-8,"不利益を受けることはありません。 また同様に、治療を受けることに同意した場合であっても、投与までの間でしたら、 いつでも取りやめることができます。この場合でも、一切不利益を受けません。 (採血等にかかる実費等はご負担いただきます。 :採血後のキャンセル料 5,000 円 加工後のキャンセル料 35,000 円) もしこの治療を受けることに同意されない場合も、最適と考えられる治療を実施でき るように患者様の治療に最善を尽くします。 ただし、治療を行った後は、健康管理・アフターフォローのために必要に応じて適切 な検査を受けていただき、医学的に問題がないかを確認させていただきます。 11. 試料等の保管及び廃棄の方法について この治",
P00315,F0242,東京都,三軒茶屋整形外科・スポーツクリニック,第二種,多血小板血漿抽出液による関節症治療,AUTO,1.0,https://saiseiiryo.mhlw.go.jp/published_plan/download/01C1906018/5/0,100000,不明,,APS|GPS|Zimmer,7,"者(院長)へと報告して対応させていただきます。 窓口部署:事務 連絡先:03-3487-8341 12.費用について この治療は公的保険の対象ではありませんので、当院所定の施術料をお支払いいただきます。 ・ZIMMER BIOMET 製 GPS®IIIシステム使用 100,000円~200,000円 (APSキットを使用せず、作製したPRPをそのまま使用する場合) GPS®IIIシステム、APSキット使用 300,000円~400,000円 (APSキットを使用してさらに抽出を行い純度を高めて使用する場合) ※患者様の症状により治療費が変動いたします。 施術後、患者様の",
P00315,F0242,東京都,三軒茶屋整形外科・スポーツクリニック,第二種,多血小板血漿抽出液による関節症治療,AUTO,1.0,https://saiseiiryo.mhlw.go.jp/published_plan/download/01C1906018/5/0,200000,不明,,APS|GPS|Zimmer,7,"して対応させていただきます。 窓口部署:事務 連絡先:03-3487-8341 12.費用について この治療は公的保険の対象ではありませんので、当院所定の施術料をお支払いいただきます。 ・ZIMMER BIOMET 製 GPS®IIIシステム使用 100,000円~200,000円 (APSキットを使用せず、作製したPRPをそのまま使用する場合) GPS®IIIシステム、APSキット使用 300,000円~400,000円 (APSキットを使用してさらに抽出を行い純度を高めて使用する場合) ※患者様の症状により治療費が変動いたします。 施術後、患者様の個人的な事情及び金",
P00315,F0242,東京都,三軒茶屋整形外科・スポーツクリニック,第二種,多血小板血漿抽出液による関節症治療,AUTO,1.0,https://saiseiiryo.mhlw.go.jp/published_plan/download/01C1906018/5/0,300000,不明,,APS|GPS|Zimmer,7,"施術料をお支払いいただきます。 ・ZIMMER BIOMET 製 GPS®IIIシステム使用 100,000円~200,000円 (APSキットを使用せず、作製したPRPをそのまま使用する場合) GPS®IIIシステム、APSキット使用 300,000円~400,000円 (APSキットを使用してさらに抽出を行い純度を高めて使用する場合) ※患者様の症状により治療費が変動いたします。 施術後、患者様の個人的な事情及び金銭等に関する問題に関しては一切の責を負いかねますのでご了 承ください。 なお、細胞の採取後や加工後に同意を撤回された場合など、同意を撤回される時点までに費用が",
P00315,F0242,東京都,三軒茶屋整形外科・スポーツクリニック,第二種,多血小板血漿抽出液による関節症治療,AUTO,1.0,https://saiseiiryo.mhlw.go.jp/published_plan/download/01C1906018/5/0,400000,不明,,APS|GPS|Zimmer,7,"ただきます。 ・ZIMMER BIOMET 製 GPS®IIIシステム使用 100,000円~200,000円 (APSキットを使用せず、作製したPRPをそのまま使用する場合) GPS®IIIシステム、APSキット使用 300,000円~400,000円 (APSキットを使用してさらに抽出を行い純度を高めて使用する場合) ※患者様の症状により治療費が変動いたします。 施術後、患者様の個人的な事情及び金銭等に関する問題に関しては一切の責を負いかねますのでご了 承ください。 なお、細胞の採取後や加工後に同意を撤回された場合など、同意を撤回される時点までに費用が発生し ている場合",
P00316,F0243,東京都,上石神井オチクリニック整形外科,第二種,自己多血小板血漿（PRP）療法（治療対象：関節炎・変形性関節症）,QC,1.0,https://saiseiiryo.mhlw.go.jp/published_plan/download/02C2601089/5/0,6000,税込,1回,,1,"ます。 PRPを用いた投与1回分(1部位) 55,000円(税込) ※投与3回行った場合、1回55,000円×3回=165,000円となります。 ただし、2回目及び3回目の採血はございません。 ※本治療では必要に応じ、検査を行い、PRP治療を行うか判断いた します。 検査を行った場合の費用は、6,000円を別途ご負担いただきます。 【本治療キャンセル時の費用】 期間 キャンセル費用 同意~採血前 全額返金いたします 採血後 費用全額ご負担いただきます 2回目以降の投与 投与24時間以内(休診日・休診時間を除く)キャンセル・変更の 場合、施術料の100%をご負担いただきます 【認定再生医療等委員会のお問い合わせ窓口】 東京都健康長寿医療セ",
P00316,F0243,東京都,上石神井オチクリニック整形外科,第二種,自己多血小板血漿（PRP）療法（治療対象：関節炎・変形性関節症）,QC,1.0,https://saiseiiryo.mhlw.go.jp/published_plan/download/02C2601089/5/0,55000,税込,1回,,1,"のとおりです。費用には、1回の治療 に伴う診査、PRP調整のための採血にかかる費用、PRP調整費用、 投与にかかる費用の総額となります。なお、本治療は1回の採血 (60mL)につき、投与3回分(各投与約5mL、最大で約15mL)の PRPを製造いたします。 PRPを用いた投与1回分(1部位) 55,000円(税込) ※投与3回行った場合、1回55,000円×3回=165,000円となります。 ただし、2回目及び3回目の採血はございません。 ※本治療では必要に応じ、検査を行い、PRP治療を行うか判断いた します。 検査を行った場合の費用は、6,000円を別途ご負担いただきます。 【本治療キャンセル時の費用】 期間 キャンセル費用 同意~採血前",
P00316,F0243,東京都,上石神井オチクリニック整形外科,第二種,自己多血小板血漿（PRP）療法（治療対象：関節炎・変形性関節症）,QC,1.0,https://saiseiiryo.mhlw.go.jp/published_plan/download/02C2601089/5/0,165000,税込,1回,,1,"かかる費用、PRP調整費用、 投与にかかる費用の総額となります。なお、本治療は1回の採血 (60mL)につき、投与3回分(各投与約5mL、最大で約15mL)の PRPを製造いたします。 PRPを用いた投与1回分(1部位) 55,000円(税込) ※投与3回行った場合、1回55,000円×3回=165,000円となります。 ただし、2回目及び3回目の採血はございません。 ※本治療では必要に応じ、検査を行い、PRP治療を行うか判断いた します。 検査を行った場合の費用は、6,000円を別途ご負担いただきます。 【本治療キャンセル時の費用】 期間 キャンセル費用 同意~採血前 全額返金いたします 採血後 費用全額ご負担いただきます 2回目以降の投与",
P00290,F0245,東京都,世田谷かくた整形外科 成城学園前院,第二種,変形性関節症に対する多血小板血漿（PRP）関節内投与療法,AUTO,1.0,https://saiseiiryo.mhlw.go.jp/published_plan/download/02C2511036/5/0,165000,税込,,APS|GPS,8,"ていただきます。 窓口:事務長 連絡先:03-3417-1152 14.費用について 細胞の提供に際して費用は発生しません。 治療の提供に際しては、本治療は公的保険の対象ではありませんので、当院所定の施術料として以下の金額 をお支払いいただきます。 1GPS®IIIシステム:165,000円(税込) 2APSキット:330,000円(税込) ※患者様の症状、その他の事情等により治療費が変動する場合があります。 なお、細胞の採取後や加工後に同意を撤回された場合など、同意を撤回される時点までに費用が発生している 場合は、発生した費用については患者様にご負担いただきますのでご了承ください。 15.他の治療法の有無、",
P00290,F0245,東京都,世田谷かくた整形外科 成城学園前院,第二種,変形性関節症に対する多血小板血漿（PRP）関節内投与療法,AUTO,1.0,https://saiseiiryo.mhlw.go.jp/published_plan/download/02C2511036/5/0,330000,税込,,APS|GPS,8,"先:03-3417-1152 14.費用について 細胞の提供に際して費用は発生しません。 治療の提供に際しては、本治療は公的保険の対象ではありませんので、当院所定の施術料として以下の金額 をお支払いいただきます。 1GPS®IIIシステム:165,000円(税込) 2APSキット:330,000円(税込) ※患者様の症状、その他の事情等により治療費が変動する場合があります。 なお、細胞の採取後や加工後に同意を撤回された場合など、同意を撤回される時点までに費用が発生している 場合は、発生した費用については患者様にご負担いただきますのでご了承ください。 15.他の治療法の有無、本治療法との比較について 変形性関節症をは",
P00291,F0248,東京都,予防からはじめる整形外科 T CLINIC Ichigaya,第二種,自家多血小板血漿（PRP）を用いた慢性関節炎の治療（関節内組織）,AUTO,0.9838,https://saiseiiryo.mhlw.go.jp/published_plan/download/01C2504057/5/0,50000,税別,,ACP MAX|ACP,8,"本治療にかかる費用は、以下のとおりです。なお、費用に含まれるのは、治療に伴う 診査、自家PRP 調製のための採血にかかる費用、自家PRP 調製費用、注入にかかる 費用であり、以下が費用の総額となります。 治療の種類 平均的な血小板注入量 費用(税別) ACP-PRP 20 億個 50,000 円 HD-PRP(ACP MAX の場合) 90 億個 180,000 円 また、ACP-PRP は効果を高めるため、2 倍量1 度に投与することが可能です。 その場合の費用は以下の通りです。 治療の種類 平均的な血小板注入量 費用(税別) ACP-PRP ダブルショット 40 億個 100,000 円",
P00291,F0248,東京都,予防からはじめる整形外科 T CLINIC Ichigaya,第二種,自家多血小板血漿（PRP）を用いた慢性関節炎の治療（関節内組織）,AUTO,0.9838,https://saiseiiryo.mhlw.go.jp/published_plan/download/01C2504057/5/0,180000,税別,,ACP MAX|ACP,8,"う 診査、自家PRP 調製のための採血にかかる費用、自家PRP 調製費用、注入にかかる 費用であり、以下が費用の総額となります。 治療の種類 平均的な血小板注入量 費用(税別) ACP-PRP 20 億個 50,000 円 HD-PRP(ACP MAX の場合) 90 億個 180,000 円 また、ACP-PRP は効果を高めるため、2 倍量1 度に投与することが可能です。 その場合の費用は以下の通りです。 治療の種類 平均的な血小板注入量 費用(税別) ACP-PRP ダブルショット 40 億個 100,000 円 • 治療終了後も定期的な受診が必要です。 9 11.健康",
P00291,F0248,東京都,予防からはじめる整形外科 T CLINIC Ichigaya,第二種,自家多血小板血漿（PRP）を用いた慢性関節炎の治療（関節内組織）,AUTO,0.9838,https://saiseiiryo.mhlw.go.jp/published_plan/download/01C2504057/5/0,100000,税別,,ACP MAX|ACP,0,"P(ACP MAX の場合) 90 億個 180,000 円 また、ACP-PRP は効果を高めるため、2 倍量1 度に投与することが可能です。 その場合の費用は以下の通りです。 治療の種類 平均的な血小板注入量 費用(税別) ACP-PRP ダブルショット 40 億個 100,000 円 • 治療終了後も定期的な受診が必要です。 9 11.健康被害が発生した際の処置と補償等について すべての医療行為にはリスクがあり、ある一定の確率で合併症が起こりえます。 本治療においても『5.予想される効果と起こるかもしれない副作用』でお示しした 合併症については起こらないように細心の注意を払ってい",
P00292,F0250,東京都,仙川整形外科,第二種,脂肪由来SVF（非培養）による変形性関節症の治療,QC,1.0,https://saiseiiryo.mhlw.go.jp/published_plan/download/01C2003049/5/0,580000,税別,,,6,"の 【SVF】説明文書同意文書_仙川整形外科 5 他、本治療を受けるために必要となった旅費、交通費などの全ての費用もご自身でご負担いただ きます。細胞の加工に係る消耗品の費用、医療技術を考慮し、実際に必要となる費用については 下記金額となります。 ・1 関節 :580,000 円(税抜) ・2関節同時施術の場合:680,000 円(税抜) 2関節同時施術の場合は、脂肪採取量を少し多めにとらせて頂きますが細胞の加工に係る消耗 品の費用を抑えることが可能なため、別日で2関節施術する場合よりも安価で提供させていただ きます。 尚、脂肪の採取後や、細胞加工物の製造後に同意を撤回された場合など、同意を撤回される時",
P00292,F0250,東京都,仙川整形外科,第二種,脂肪由来SVF（非培養）による変形性関節症の治療,QC,1.0,https://saiseiiryo.mhlw.go.jp/published_plan/download/01C2003049/5/0,680000,税別,,,6,"他、本治療を受けるために必要となった旅費、交通費などの全ての費用もご自身でご負担いただ きます。細胞の加工に係る消耗品の費用、医療技術を考慮し、実際に必要となる費用については 下記金額となります。 ・1 関節 :580,000 円(税抜) ・2関節同時施術の場合:680,000 円(税抜) 2関節同時施術の場合は、脂肪採取量を少し多めにとらせて頂きますが細胞の加工に係る消耗 品の費用を抑えることが可能なため、別日で2関節施術する場合よりも安価で提供させていただ きます。 尚、脂肪の採取後や、細胞加工物の製造後に同意を撤回された場合など、同意を撤回される時 点までに医療材料等の費用が発生している場合は、発生し",
P00293,F0250,東京都,仙川整形外科,第二種,多血小板血漿（PRP）を用いた整形外科疾患に対する組織修復,QC,0.98,https://saiseiiryo.mhlw.go.jp/published_plan/download/02C2103009/5/0,4400,税別,1 回,TriCeLL,8,"この治療は公的保険の対象ではありませんので、当医院の所定の施術料をお支払いいただきます。 当医院において実施される本治療および本治療に必要な検査などの費用は全額自己負担となります。 施術料は部位を問わずCondensia システム : 1 回 48,400 円(税抜価格 44,000 円、消費税 4,400 円)、TriCell PRP Kit:1 回 69,300 円(税抜価格 63,000 円、消費税 6,300 円)です。ご不明な 点は医師・スタッフにお尋ねください。ご不明な点は医師・スタッフにお尋ねください。 治療を受けることを拒否することについて この治療を受けるか拒否するか",
P00293,F0250,東京都,仙川整形外科,第二種,多血小板血漿（PRP）を用いた整形外科疾患に対する組織修復,QC,0.98,https://saiseiiryo.mhlw.go.jp/published_plan/download/02C2103009/5/0,6300,税別,1 回,TriCeLL,8,"る本治療および本治療に必要な検査などの費用は全額自己負担となります。 施術料は部位を問わずCondensia システム : 1 回 48,400 円(税抜価格 44,000 円、消費税 4,400 円)、TriCell PRP Kit:1 回 69,300 円(税抜価格 63,000 円、消費税 6,300 円)です。ご不明な 点は医師・スタッフにお尋ねください。ご不明な点は医師・スタッフにお尋ねください。 治療を受けることを拒否することについて この治療を受けるか拒否するかは、ご自身の自由な意思でお決めください。この治療を拒否しても、 一切不利益を受けることはありません。血液採取後で",
P00293,F0250,東京都,仙川整形外科,第二種,多血小板血漿（PRP）を用いた整形外科疾患に対する組織修復,QC,0.98,https://saiseiiryo.mhlw.go.jp/published_plan/download/02C2103009/5/0,44000,税別,1 回,TriCeLL,8,"この治療は公的保険の対象ではありませんので、当医院の所定の施術料をお支払いいただきます。 当医院において実施される本治療および本治療に必要な検査などの費用は全額自己負担となります。 施術料は部位を問わずCondensia システム : 1 回 48,400 円(税抜価格 44,000 円、消費税 4,400 円)、TriCell PRP Kit:1 回 69,300 円(税抜価格 63,000 円、消費税 6,300 円)です。ご不明な 点は医師・スタッフにお尋ねください。ご不明な点は医師・スタッフにお尋ねください。 治療を受けることを拒否することについて この",
P00293,F0250,東京都,仙川整形外科,第二種,多血小板血漿（PRP）を用いた整形外科疾患に対する組織修復,QC,0.98,https://saiseiiryo.mhlw.go.jp/published_plan/download/02C2103009/5/0,48400,税別,1 回,TriCeLL,8,"この治療は公的保険の対象ではありませんので、当医院の所定の施術料をお支払いいただきます。 当医院において実施される本治療および本治療に必要な検査などの費用は全額自己負担となります。 施術料は部位を問わずCondensia システム : 1 回 48,400 円(税抜価格 44,000 円、消費税 4,400 円)、TriCell PRP Kit:1 回 69,300 円(税抜価格 63,000 円、消費税 6,300 円)です。ご不明な 点は医師・スタッフにお尋ねください。ご不明な点は医師・スタッフにお尋ねください。 治療を受けることを拒否することについて",
P00293,F0250,東京都,仙川整形外科,第二種,多血小板血漿（PRP）を用いた整形外科疾患に対する組織修復,QC,0.98,https://saiseiiryo.mhlw.go.jp/published_plan/download/02C2103009/5/0,63000,税別,1 回,TriCeLL,8,"。 当医院において実施される本治療および本治療に必要な検査などの費用は全額自己負担となります。 施術料は部位を問わずCondensia システム : 1 回 48,400 円(税抜価格 44,000 円、消費税 4,400 円)、TriCell PRP Kit:1 回 69,300 円(税抜価格 63,000 円、消費税 6,300 円)です。ご不明な 点は医師・スタッフにお尋ねください。ご不明な点は医師・スタッフにお尋ねください。 治療を受けることを拒否することについて この治療を受けるか拒否するかは、ご自身の自由な意思でお決めください。この治療を拒否しても、 一切不利益を受けることは",
P00293,F0250,東京都,仙川整形外科,第二種,多血小板血漿（PRP）を用いた整形外科疾患に対する組織修復,QC,0.98,https://saiseiiryo.mhlw.go.jp/published_plan/download/02C2103009/5/0,69300,税別,1 回,TriCeLL,8,"施術料をお支払いいただきます。 当医院において実施される本治療および本治療に必要な検査などの費用は全額自己負担となります。 施術料は部位を問わずCondensia システム : 1 回 48,400 円(税抜価格 44,000 円、消費税 4,400 円)、TriCell PRP Kit:1 回 69,300 円(税抜価格 63,000 円、消費税 6,300 円)です。ご不明な 点は医師・スタッフにお尋ねください。ご不明な点は医師・スタッフにお尋ねください。 治療を受けることを拒否することについて この治療を受けるか拒否するかは、ご自身の自由な意思でお決めください。この治療を拒否しても",
P00296,F0283,東京都,公益財団法人日産厚生会 玉川病院,第三種,自己多血小板血漿（PRP）を用いた整形外科領域における軟部組織治療,AUTO,1.0,https://saiseiiryo.mhlw.go.jp/published_plan/download/01C2301063/5/0,100000,税別,1 回,GPS,8,"逆に ステロイド剤の副作用で重篤な感染症の誘発・骨粗鬆症の増悪・薬剤離脱困難等が生じてし まう可能性があります。 治療にかかる費用について この治療は公的保険の対象ではありませんので、当施設にて施術料をお支払いいただきます。 ・PRP 療法 GPSIIIシステム使用 1 回 100,000円(税抜) ※患者さまの症状により施術料が変わる場合は別途、ご説明いたします。 その他治療についての注意事項 患者さまの体調が良くない場合や、採取した血液の状態によっては、PRP を分離できないこ とがあります。 その際には、再度採血をさせていただく場合があります。 ま",
P00297,F0260,東京都,北里大学北里研究所病院,第三種,自己多血小板血漿（PRP）を用いた運動器軟部組織損傷の治療,AUTO,1.0,https://saiseiiryo.mhlw.go.jp/published_plan/download/02C2409055/5/0,132000,税込,1 回,GPS,8,"逆に ステロイド剤の副作用で重篤な感染症の誘発・骨粗鬆症の増悪・薬剤離脱困難等が生じてし まう可能性があります。 治療にかかる費用について この治療は公的保険の対象ではありませんので、当施設にて施術料をお支払いいただきます。 ・PRP 療法 GPSIIIシステム使用 1 回 132,000円(税込) ※患者さまの症状により施術料が変わる場合は別途、ご説明いたします。 その他治療についての注意事項 患者さまの体調が良くない場合や、採取した血液の状態によっては、PRP を分離できないこ とがあります。 その際には、再度採血をさせていただく場合があります。 ま",
P00240,F0322,東京都,医療法人社団 順清会 Total Cell Clinic TOKYO,第二種,自己脂肪由来間葉系幹細胞を用いた変形性膝関節症の治療,QC,1.0,https://saiseiiryo.mhlw.go.jp/published_plan/download/02C2407002/5/0,50000,税込,,,-2,"費 16,500,000 ウォン 税込み ※治療回数にかかわらず治療費は同様でございます。 ※治療費は韓国で承ります。 <細胞保管費用> 原料細胞到着日から1年間 無料 2年目以降 保管細胞 1-5 本 年額 50,000 円+税 保管細胞 6-10 本 年額 100,000 円+税 <キャンセル時の払い戻しについて> 区分 内容 培養開始後7 日まで 50% 培養開始後8 日以降 払戻しなし ◎ 必要に応じて、追加検査費用などが生じる場合があります。(生化学検査等)",
P00240,F0322,東京都,医療法人社団 順清会 Total Cell Clinic TOKYO,第二種,自己脂肪由来間葉系幹細胞を用いた変形性膝関節症の治療,QC,1.0,https://saiseiiryo.mhlw.go.jp/published_plan/download/02C2407002/5/0,100000,不明,,,-3,"回数にかかわらず治療費は同様でございます。 ※治療費は韓国で承ります。 <細胞保管費用> 原料細胞到着日から1年間 無料 2年目以降 保管細胞 1-5 本 年額 50,000 円+税 保管細胞 6-10 本 年額 100,000 円+税 <キャンセル時の払い戻しについて> 区分 内容 培養開始後7 日まで 50% 培養開始後8 日以降 払戻しなし ◎ 必要に応じて、追加検査費用などが生じる場合があります。(生化学検査等)",
P00241,F0322,東京都,医療法人社団 順清会 Total Cell Clinic TOKYO,第二種,自己脂肪由来間葉系幹細胞を用いた変形性関節症治療,AUTO,1.0,https://saiseiiryo.mhlw.go.jp/published_plan/download/02C2407003/5/0,3300000,税込,,,8,"本治療の提供にかかる費用は、培養 にかかる細胞加工費、幹細胞投与費、検体輸送費、検査費、薬剤などの消耗備品を含め、 患者様に負担していただきます。脂肪採取し分離した細胞で培養を行う場合は、3,850,000 円(税込)を患者様ご自身にご負担いただきます。ただし、凍結保存した細胞で培養を行 う場合は、3,300,000円(税込)となります。 細胞加工施設にて本治療に使用する幹細胞の培養中及び出荷の際に、細胞に何らかの汚染 や形態異常が疑われ、本治療による効果が期待できない、もしくは 本治療を行う患者様に 不利益が生じると判断した場合には、医師の判断で本治療を中止することがあります。ま た、予定細胞数を培養で得られず、その培養した細胞数では、本治療に",
P00241,F0322,東京都,医療法人社団 順清会 Total Cell Clinic TOKYO,第二種,自己脂肪由来間葉系幹細胞を用いた変形性関節症治療,AUTO,1.0,https://saiseiiryo.mhlw.go.jp/published_plan/download/02C2407003/5/0,3850000,税込,,,8,"12. 本治療の費用について <治療費について> 本治療は、保険適用外の治療(自由診療)であるため、本治療の提供にかかる費用は、培養 にかかる細胞加工費、幹細胞投与費、検体輸送費、検査費、薬剤などの消耗備品を含め、 患者様に負担していただきます。脂肪採取し分離した細胞で培養を行う場合は、3,850,000 円(税込)を患者様ご自身にご負担いただきます。ただし、凍結保存した細胞で培養を行 う場合は、3,300,000円(税込)となります。 細胞加工施設にて本治療に使用する幹細胞の培養中及び出荷の際に、細胞に何らかの汚染 や形態異常が疑われ、本治療による効果が期待できない、もしくは 本治療を行う患者様に 不利益が生じると判断した場合には、医",
P00317,F0209,東京都,医療法人社団ICVS 東京クリニック,第二種,慢性筋骨格系疼痛の緩和を目的とした自己脂肪由来間葉系幹細胞治療（動脈投与）,QC,1.0,https://saiseiiryo.mhlw.go.jp/published_plan/download/02C2605064/5/0,29700,不明,1 回,,5,"CT などの装置を用いる場合については、1 回の投与あたり下記の費用(装 置の使用料を含む)が追加で必要です。 これらの費用が、患者様の治療計画に基づき発生する場合には、本書別紙4「治療計画・治療費用概算書」 に記載いたします。 処置費用(装置の使用料を含む) エコー下による投与 29,700 円 CT 下による投与 104,700 円 エックス線透視装置下による処置 100,000 円 アンギオ装置による処置(マイクロカテーテル使用 なし/通常の太さのカテーテル使用) 400,000 円 アンギオ装置による処置 (マイクロカテーテル使用あり) 450,000 円 6.再診料 [5,500 円/回]",
P00317,F0209,東京都,医療法人社団ICVS 東京クリニック,第二種,慢性筋骨格系疼痛の緩和を目的とした自己脂肪由来間葉系幹細胞治療（動脈投与）,QC,1.0,https://saiseiiryo.mhlw.go.jp/published_plan/download/02C2605064/5/0,100000,不明,,,5,"加で必要です。 これらの費用が、患者様の治療計画に基づき発生する場合には、本書別紙4「治療計画・治療費用概算書」 に記載いたします。 処置費用(装置の使用料を含む) エコー下による投与 29,700 円 CT 下による投与 104,700 円 エックス線透視装置下による処置 100,000 円 アンギオ装置による処置(マイクロカテーテル使用 なし/通常の太さのカテーテル使用) 400,000 円 アンギオ装置による処置 (マイクロカテーテル使用あり) 450,000 円 6.再診料 [5,500 円/回] フォローアップの血液検査(生化学/血球数算定検査)を行う費用(2,750 円)については別途必要です",
P00317,F0209,東京都,医療法人社団ICVS 東京クリニック,第二種,慢性筋骨格系疼痛の緩和を目的とした自己脂肪由来間葉系幹細胞治療（動脈投与）,QC,1.0,https://saiseiiryo.mhlw.go.jp/published_plan/download/02C2605064/5/0,104700,不明,1 回,,5,"1 回の投与あたり下記の費用(装 置の使用料を含む)が追加で必要です。 これらの費用が、患者様の治療計画に基づき発生する場合には、本書別紙4「治療計画・治療費用概算書」 に記載いたします。 処置費用(装置の使用料を含む) エコー下による投与 29,700 円 CT 下による投与 104,700 円 エックス線透視装置下による処置 100,000 円 アンギオ装置による処置(マイクロカテーテル使用 なし/通常の太さのカテーテル使用) 400,000 円 アンギオ装置による処置 (マイクロカテーテル使用あり) 450,000 円 6.再診料 [5,500 円/回] フォローアップの血液検査(生化学/血球数算定",
P00317,F0209,東京都,医療法人社団ICVS 東京クリニック,第二種,慢性筋骨格系疼痛の緩和を目的とした自己脂肪由来間葉系幹細胞治療（動脈投与）,QC,1.0,https://saiseiiryo.mhlw.go.jp/published_plan/download/02C2605064/5/0,2750,不明,,,4,"アンギオ装置による処置(マイクロカテーテル使用 なし/通常の太さのカテーテル使用) 400,000 円 アンギオ装置による処置 (マイクロカテーテル使用あり) 450,000 円 6.再診料 [5,500 円/回] フォローアップの血液検査(生化学/血球数算定検査)を行う費用(2,750 円)については別途必要です。 また、必要に応じて血液検査の他に検査項目が追加されることがあります。 細胞投与後は、投与後およそ1・3・6・12 か月にご来院いただきますよう、お願い申し上げます。 以上 医療法人社団ICVS 01-15 11 別紙1 慢性筋骨格系疼痛緩和を目的とした自己脂肪由来間葉系幹細胞 治療",
P00317,F0209,東京都,医療法人社団ICVS 東京クリニック,第二種,慢性筋骨格系疼痛の緩和を目的とした自己脂肪由来間葉系幹細胞治療（動脈投与）,QC,1.0,https://saiseiiryo.mhlw.go.jp/published_plan/download/02C2605064/5/0,11000,税込,,,3,"者 様の不利益になるようなことはございません。一度ご同意いただいた後にその同意を撤回(本療法の取り やめ)することもできます。ご不明な点は担当医師にお尋ねください。 医療法人社団ICVS 01-15 9 治療料金表 (税込) 1.外来初診料 [11,000 円] 問診(痛みの評価等および医師とのカウンセリング)の料金が含まれています。 2. 事前検査の料金 [15,400 円] 感染症の検査※・血液検査(生化学/血球数算定検査)・心電図・CAVI 検査などの料金が含まれています。 (※HIV 抗原・抗体同時定性、HCV 抗体/CLEIA、HBs 抗原/CLIA、HBe 抗",
P00317,F0209,東京都,医療法人社団ICVS 東京クリニック,第二種,慢性筋骨格系疼痛の緩和を目的とした自己脂肪由来間葉系幹細胞治療（動脈投与）,QC,1.0,https://saiseiiryo.mhlw.go.jp/published_plan/download/02C2605064/5/0,15400,税込,,,3,"は担当医師にお尋ねください。 医療法人社団ICVS 01-15 9 治療料金表 (税込) 1.外来初診料 [11,000 円] 問診(痛みの評価等および医師とのカウンセリング)の料金が含まれています。 2. 事前検査の料金 [15,400 円] 感染症の検査※・血液検査(生化学/血球数算定検査)・心電図・CAVI 検査などの料金が含まれています。 (※HIV 抗原・抗体同時定性、HCV 抗体/CLEIA、HBs 抗原/CLIA、HBe 抗原/CLIA、HTLV1 抗体 CLIA 、梅毒RPR 法定性、梅毒TPHA 定性、マイコプラズマ抗体半定量/PA) 3.治療",
P00317,F0209,東京都,医療法人社団ICVS 東京クリニック,第二種,慢性筋骨格系疼痛の緩和を目的とした自己脂肪由来間葉系幹細胞治療（動脈投与）,QC,1.0,https://saiseiiryo.mhlw.go.jp/published_plan/download/02C2605064/5/0,5500,不明,,,2,"る投与 104,700 円 エックス線透視装置下による処置 100,000 円 アンギオ装置による処置(マイクロカテーテル使用 なし/通常の太さのカテーテル使用) 400,000 円 アンギオ装置による処置 (マイクロカテーテル使用あり) 450,000 円 6.再診料 [5,500 円/回] フォローアップの血液検査(生化学/血球数算定検査)を行う費用(2,750 円)については別途必要です。 また、必要に応じて血液検査の他に検査項目が追加されることがあります。 細胞投与後は、投与後およそ1・3・6・12 か月にご来院いただきますよう、お願い申し上げます。 以上 医療法人社団ICVS 01-15 11",
P00317,F0209,東京都,医療法人社団ICVS 東京クリニック,第二種,慢性筋骨格系疼痛の緩和を目的とした自己脂肪由来間葉系幹細胞治療（動脈投与）,QC,1.0,https://saiseiiryo.mhlw.go.jp/published_plan/download/02C2605064/5/0,400000,不明,,,2,"算書」 に記載いたします。 処置費用(装置の使用料を含む) エコー下による投与 29,700 円 CT 下による投与 104,700 円 エックス線透視装置下による処置 100,000 円 アンギオ装置による処置(マイクロカテーテル使用 なし/通常の太さのカテーテル使用) 400,000 円 アンギオ装置による処置 (マイクロカテーテル使用あり) 450,000 円 6.再診料 [5,500 円/回] フォローアップの血液検査(生化学/血球数算定検査)を行う費用(2,750 円)については別途必要です。 また、必要に応じて血液検査の他に検査項目が追加されることがあります。 細胞投与後は、投与後およそ1・",
P00317,F0209,東京都,医療法人社団ICVS 東京クリニック,第二種,慢性筋骨格系疼痛の緩和を目的とした自己脂肪由来間葉系幹細胞治療（動脈投与）,QC,1.0,https://saiseiiryo.mhlw.go.jp/published_plan/download/02C2605064/5/0,450000,不明,,,2,"投与 29,700 円 CT 下による投与 104,700 円 エックス線透視装置下による処置 100,000 円 アンギオ装置による処置(マイクロカテーテル使用 なし/通常の太さのカテーテル使用) 400,000 円 アンギオ装置による処置 (マイクロカテーテル使用あり) 450,000 円 6.再診料 [5,500 円/回] フォローアップの血液検査(生化学/血球数算定検査)を行う費用(2,750 円)については別途必要です。 また、必要に応じて血液検査の他に検査項目が追加されることがあります。 細胞投与後は、投与後およそ1・3・6・12 か月にご来院いただきますよう、お願い申し上げます。 以上 医療",
P00317,F0209,東京都,医療法人社団ICVS 東京クリニック,第二種,慢性筋骨格系疼痛の緩和を目的とした自己脂肪由来間葉系幹細胞治療（動脈投与）,QC,1.0,https://saiseiiryo.mhlw.go.jp/published_plan/download/02C2605064/5/0,960000,不明,1 回,,-1,"料金がかかることがあります。 1 億個 ×1 回投与 2 億個 (1 億×2 回投 与) 4 億個 (1 億×4 回投与) 6 億個 (1 億×6 回投与) 8 億個 (1 億×8 回投与) 幹細胞培養治療 費(初代培養・初 回) 2,970,000 円 3, 960,000 円 4,950,000 円 6,050,000 円 7,150,000 円 幹細胞培養治療 費(解凍培養・2 回目) 2,255,000 円 3,355,000 円 4,400,000 円 4,840,000 円 5,720,000 円 4.キャンセル料/変更料 キャンセルや日程変更がある場合には下記のキャンセ",
P00317,F0209,東京都,医療法人社団ICVS 東京クリニック,第二種,慢性筋骨格系疼痛の緩和を目的とした自己脂肪由来間葉系幹細胞治療（動脈投与）,QC,1.0,https://saiseiiryo.mhlw.go.jp/published_plan/download/02C2605064/5/0,2970000,不明,1 回,,-1,"海外からの患者様の場合には追加の料金がかかることがあります。 1 億個 ×1 回投与 2 億個 (1 億×2 回投 与) 4 億個 (1 億×4 回投与) 6 億個 (1 億×6 回投与) 8 億個 (1 億×8 回投与) 幹細胞培養治療 費(初代培養・初 回) 2,970,000 円 3, 960,000 円 4,950,000 円 6,050,000 円 7,150,000 円 幹細胞培養治療 費(解凍培養・2 回目) 2,255,000 円 3,355,000 円 4,400,000 円 4,840,000 円 5,720,000 円 4.キャンセル料/変更料 キャンセルや日程変更",
P00317,F0209,東京都,医療法人社団ICVS 東京クリニック,第二種,慢性筋骨格系疼痛の緩和を目的とした自己脂肪由来間葉系幹細胞治療（動脈投与）,QC,1.0,https://saiseiiryo.mhlw.go.jp/published_plan/download/02C2605064/5/0,4400000,不明,8 回,,-1,"(1 億×8 回投与) 幹細胞培養治療 費(初代培養・初 回) 2,970,000 円 3, 960,000 円 4,950,000 円 6,050,000 円 7,150,000 円 幹細胞培養治療 費(解凍培養・2 回目) 2,255,000 円 3,355,000 円 4,400,000 円 4,840,000 円 5,720,000 円 4.キャンセル料/変更料 キャンセルや日程変更がある場合には下記のキャンセル料/変更料がかかります。 (1) 脂肪採取についてのキャンセル料(取りやめ)または変更料(採取手術日の変更) キャンセル料または変更料 脂肪採取日の3 営業日前より 治療費の10% (",
P00317,F0209,東京都,医療法人社団ICVS 東京クリニック,第二種,慢性筋骨格系疼痛の緩和を目的とした自己脂肪由来間葉系幹細胞治療（動脈投与）,QC,1.0,https://saiseiiryo.mhlw.go.jp/published_plan/download/02C2605064/5/0,4840000,不明,2 回,,-1,"幹細胞培養治療 費(初代培養・初 回) 2,970,000 円 3, 960,000 円 4,950,000 円 6,050,000 円 7,150,000 円 幹細胞培養治療 費(解凍培養・2 回目) 2,255,000 円 3,355,000 円 4,400,000 円 4,840,000 円 5,720,000 円 4.キャンセル料/変更料 キャンセルや日程変更がある場合には下記のキャンセル料/変更料がかかります。 (1) 脂肪採取についてのキャンセル料(取りやめ)または変更料(採取手術日の変更) キャンセル料または変更料 脂肪採取日の3 営業日前より 治療費の10% (2) 脂肪採取後の本療法の",
P00317,F0209,東京都,医療法人社団ICVS 東京クリニック,第二種,慢性筋骨格系疼痛の緩和を目的とした自己脂肪由来間葉系幹細胞治療（動脈投与）,QC,1.0,https://saiseiiryo.mhlw.go.jp/published_plan/download/02C2605064/5/0,5720000,不明,2 回,,-1,"代培養・初 回) 2,970,000 円 3, 960,000 円 4,950,000 円 6,050,000 円 7,150,000 円 幹細胞培養治療 費(解凍培養・2 回目) 2,255,000 円 3,355,000 円 4,400,000 円 4,840,000 円 5,720,000 円 4.キャンセル料/変更料 キャンセルや日程変更がある場合には下記のキャンセル料/変更料がかかります。 (1) 脂肪採取についてのキャンセル料(取りやめ)または変更料(採取手術日の変更) キャンセル料または変更料 脂肪採取日の3 営業日前より 治療費の10% (2) 脂肪採取後の本療法のキャンセル料(本療法の取り",
P00317,F0209,東京都,医療法人社団ICVS 東京クリニック,第二種,慢性筋骨格系疼痛の緩和を目的とした自己脂肪由来間葉系幹細胞治療（動脈投与）,QC,1.0,https://saiseiiryo.mhlw.go.jp/published_plan/download/02C2605064/5/0,38500,不明,1 回,,-3,"取後の本療法のキャンセル料(本療法の取りやめ) キャンセル料 脂肪採取後 治療費の100% (3) 細胞投与日の変更についての日程変更料 変更料 医療法人社団ICVS 01-15 10 投与予定日の3営業日前まで 0 円 投与予定日の2営業日前より当日 38,500 円 5.各種装置(CT/エコー)下による投与において生じる費用 局所投与や動脈投与でエコー・ CT などの装置を用いる場合については、1 回の投与あたり下記の費用(装 置の使用料を含む)が追加で必要です。 これらの費用が、患者様の治療計画に基づき発生する場合には、本書別紙4「治療計画・治療費用概算書」 に記載いたします。",
P00317,F0209,東京都,医療法人社団ICVS 東京クリニック,第二種,慢性筋骨格系疼痛の緩和を目的とした自己脂肪由来間葉系幹細胞治療（動脈投与）,QC,1.0,https://saiseiiryo.mhlw.go.jp/published_plan/download/02C2605064/5/0,2255000,不明,6 回,,-6,"6 億個 (1 億×6 回投与) 8 億個 (1 億×8 回投与) 幹細胞培養治療 費(初代培養・初 回) 2,970,000 円 3, 960,000 円 4,950,000 円 6,050,000 円 7,150,000 円 幹細胞培養治療 費(解凍培養・2 回目) 2,255,000 円 3,355,000 円 4,400,000 円 4,840,000 円 5,720,000 円 4.キャンセル料/変更料 キャンセルや日程変更がある場合には下記のキャンセル料/変更料がかかります。 (1) 脂肪採取についてのキャンセル料(取りやめ)または変更料(採取手術日の変更) キャンセル料または変更料 脂肪",
P00317,F0209,東京都,医療法人社団ICVS 東京クリニック,第二種,慢性筋骨格系疼痛の緩和を目的とした自己脂肪由来間葉系幹細胞治療（動脈投与）,QC,1.0,https://saiseiiryo.mhlw.go.jp/published_plan/download/02C2605064/5/0,3355000,不明,6 回,,-6,"6 回投与) 8 億個 (1 億×8 回投与) 幹細胞培養治療 費(初代培養・初 回) 2,970,000 円 3, 960,000 円 4,950,000 円 6,050,000 円 7,150,000 円 幹細胞培養治療 費(解凍培養・2 回目) 2,255,000 円 3,355,000 円 4,400,000 円 4,840,000 円 5,720,000 円 4.キャンセル料/変更料 キャンセルや日程変更がある場合には下記のキャンセル料/変更料がかかります。 (1) 脂肪採取についてのキャンセル料(取りやめ)または変更料(採取手術日の変更) キャンセル料または変更料 脂肪採取日の3 営業日前より",
P00317,F0209,東京都,医療法人社団ICVS 東京クリニック,第二種,慢性筋骨格系疼痛の緩和を目的とした自己脂肪由来間葉系幹細胞治療（動脈投与）,QC,1.0,https://saiseiiryo.mhlw.go.jp/published_plan/download/02C2605064/5/0,4950000,不明,1 回,,-6,"ます。 1 億個 ×1 回投与 2 億個 (1 億×2 回投 与) 4 億個 (1 億×4 回投与) 6 億個 (1 億×6 回投与) 8 億個 (1 億×8 回投与) 幹細胞培養治療 費(初代培養・初 回) 2,970,000 円 3, 960,000 円 4,950,000 円 6,050,000 円 7,150,000 円 幹細胞培養治療 費(解凍培養・2 回目) 2,255,000 円 3,355,000 円 4,400,000 円 4,840,000 円 5,720,000 円 4.キャンセル料/変更料 キャンセルや日程変更がある場合には下記のキャンセル料/変更料がかかります。",
P00317,F0209,東京都,医療法人社団ICVS 東京クリニック,第二種,慢性筋骨格系疼痛の緩和を目的とした自己脂肪由来間葉系幹細胞治療（動脈投与）,QC,1.0,https://saiseiiryo.mhlw.go.jp/published_plan/download/02C2605064/5/0,6050000,不明,1 回,,-6,"×1 回投与 2 億個 (1 億×2 回投 与) 4 億個 (1 億×4 回投与) 6 億個 (1 億×6 回投与) 8 億個 (1 億×8 回投与) 幹細胞培養治療 費(初代培養・初 回) 2,970,000 円 3, 960,000 円 4,950,000 円 6,050,000 円 7,150,000 円 幹細胞培養治療 費(解凍培養・2 回目) 2,255,000 円 3,355,000 円 4,400,000 円 4,840,000 円 5,720,000 円 4.キャンセル料/変更料 キャンセルや日程変更がある場合には下記のキャンセル料/変更料がかかります。 (1) 脂肪採取につい",
P00317,F0209,東京都,医療法人社団ICVS 東京クリニック,第二種,慢性筋骨格系疼痛の緩和を目的とした自己脂肪由来間葉系幹細胞治療（動脈投与）,QC,1.0,https://saiseiiryo.mhlw.go.jp/published_plan/download/02C2605064/5/0,7150000,不明,2 回,,-6,"(1 億×2 回投 与) 4 億個 (1 億×4 回投与) 6 億個 (1 億×6 回投与) 8 億個 (1 億×8 回投与) 幹細胞培養治療 費(初代培養・初 回) 2,970,000 円 3, 960,000 円 4,950,000 円 6,050,000 円 7,150,000 円 幹細胞培養治療 費(解凍培養・2 回目) 2,255,000 円 3,355,000 円 4,400,000 円 4,840,000 円 5,720,000 円 4.キャンセル料/変更料 キャンセルや日程変更がある場合には下記のキャンセル料/変更料がかかります。 (1) 脂肪採取についてのキャンセル料(取りやめ",
P00318,F0210,東京都,医療法人社団IHOC 稲城平尾整形外科クリニック,第二種,自家多血小板血漿（PRP）を用いた慢性関節炎の治療（関節内組織）,AUTO,0.9838,https://saiseiiryo.mhlw.go.jp/published_plan/download/01C2503011/5/0,203500,税込,2 回分,ACP MAX|ACP|Angel,9,"0. 治療費用 (1) 本治療は、すべて自費診療であり、健康保険を使用することは できません。 (2) 本治療にかかる費用は、以下のとおりです。 キット 費用(税込) ACP 片側 33,000 円 ACP MAX 片側 165,000 円 Angel 片側 203,500 円 Angel 両側 330,000 円  上記料金表にはPRP 調製のための採血費用、PRP 調製費用が 含まれます。  診察、検査および投与にかかる費用は別途お支払いいただきます。 医師よりご説明しますので必ずご確認ください。  ACP を左右両側に投与する場合は、2 回分(66,000 円)です。 (3",
P00318,F0210,東京都,医療法人社団IHOC 稲城平尾整形外科クリニック,第二種,自家多血小板血漿（PRP）を用いた慢性関節炎の治療（関節内組織）,AUTO,0.9838,https://saiseiiryo.mhlw.go.jp/published_plan/download/01C2503011/5/0,33000,税込,,ACP MAX|ACP|Angel,8,"が同意を撤回されても、最適と考えられる治療を実施できるよう最善を尽く します。 10. 治療費用 (1) 本治療は、すべて自費診療であり、健康保険を使用することは できません。 (2) 本治療にかかる費用は、以下のとおりです。 キット 費用(税込) ACP 片側 33,000 円 ACP MAX 片側 165,000 円 Angel 片側 203,500 円 Angel 両側 330,000 円  上記料金表にはPRP 調製のための採血費用、PRP 調製費用が 含まれます。  診察、検査および投与にかかる費用は別途お支払いいただきます。 医師よりご説明しますので必ずご確認ください",
P00318,F0210,東京都,医療法人社団IHOC 稲城平尾整形外科クリニック,第二種,自家多血小板血漿（PRP）を用いた慢性関節炎の治療（関節内組織）,AUTO,0.9838,https://saiseiiryo.mhlw.go.jp/published_plan/download/01C2503011/5/0,165000,税込,,ACP MAX|ACP|Angel,8,"実施できるよう最善を尽く します。 10. 治療費用 (1) 本治療は、すべて自費診療であり、健康保険を使用することは できません。 (2) 本治療にかかる費用は、以下のとおりです。 キット 費用(税込) ACP 片側 33,000 円 ACP MAX 片側 165,000 円 Angel 片側 203,500 円 Angel 両側 330,000 円  上記料金表にはPRP 調製のための採血費用、PRP 調製費用が 含まれます。  診察、検査および投与にかかる費用は別途お支払いいただきます。 医師よりご説明しますので必ずご確認ください。  ACP を左右両側に投与する場合は、2",
P00318,F0210,東京都,医療法人社団IHOC 稲城平尾整形外科クリニック,第二種,自家多血小板血漿（PRP）を用いた慢性関節炎の治療（関節内組織）,AUTO,0.9838,https://saiseiiryo.mhlw.go.jp/published_plan/download/01C2503011/5/0,330000,税込,2 回分,ACP MAX|ACP|Angel,1,"て自費診療であり、健康保険を使用することは できません。 (2) 本治療にかかる費用は、以下のとおりです。 キット 費用(税込) ACP 片側 33,000 円 ACP MAX 片側 165,000 円 Angel 片側 203,500 円 Angel 両側 330,000 円  上記料金表にはPRP 調製のための採血費用、PRP 調製費用が 含まれます。  診察、検査および投与にかかる費用は別途お支払いいただきます。 医師よりご説明しますので必ずご確認ください。  ACP を左右両側に投与する場合は、2 回分(66,000 円)です。 (3) 採血を開始してからのキャンセルについては",
P00318,F0210,東京都,医療法人社団IHOC 稲城平尾整形外科クリニック,第二種,自家多血小板血漿（PRP）を用いた慢性関節炎の治療（関節内組織）,AUTO,0.9838,https://saiseiiryo.mhlw.go.jp/published_plan/download/01C2503011/5/0,66000,不明,2 回分,ACP|Angel,0,"Angel 両側 330,000 円  上記料金表にはPRP 調製のための採血費用、PRP 調製費用が 含まれます。  診察、検査および投与にかかる費用は別途お支払いいただきます。 医師よりご説明しますので必ずご確認ください。  ACP を左右両側に投与する場合は、2 回分(66,000 円)です。 (3) 採血を開始してからのキャンセルについては、キャンセル費用をいただ きます。 11. 試料等の保存及び廃棄の方法 患者様から採取した血液と作製したPRP は、患者様ご自身の治療のみ に使用します。ただし、症例検討や学会発表を目的として、血液やPRP の測定を行い、データを取得することがあります。 血液",
P00319,F0210,東京都,医療法人社団IHOC 稲城平尾整形外科クリニック,第二種,自家多血小板血漿（PRP）を用いた関節内組織損傷に対する鏡視下治療,AUTO,0.994,https://saiseiiryo.mhlw.go.jp/published_plan/download/01C2503013/5/0,165000,税込,1 回,ACP MAX|ACP|Angel,9,"ご署名をお願いいたします。 10. 治療費用 (1) 本治療は、すべて自費診療であり、健康保険を使用することは できません。 (2) 本治療にかかる費用は、以下のとおりです。 キット 費用(PRP1 回1 部位)(税込) ACP 33,000 円 ACP MAX 165,000 円 Angel 220,000 円  上記料金表にはPRP 調製のための採血費用、PRP 調製費用が 含まれます。  診察、検査、投与にかかる費用および手術代は別途お支払いいただき ます。 7 医師よりご説明しますので必ずご確認ください。  ACP を左右両側に投与する場合は、2 回分(66,000 円)です。",
P00319,F0210,東京都,医療法人社団IHOC 稲城平尾整形外科クリニック,第二種,自家多血小板血漿（PRP）を用いた関節内組織損傷に対する鏡視下治療,AUTO,0.994,https://saiseiiryo.mhlw.go.jp/published_plan/download/01C2503013/5/0,220000,税込,1 回,ACP MAX|ACP|Angel,9,"0. 治療費用 (1) 本治療は、すべて自費診療であり、健康保険を使用することは できません。 (2) 本治療にかかる費用は、以下のとおりです。 キット 費用(PRP1 回1 部位)(税込) ACP 33,000 円 ACP MAX 165,000 円 Angel 220,000 円  上記料金表にはPRP 調製のための採血費用、PRP 調製費用が 含まれます。  診察、検査、投与にかかる費用および手術代は別途お支払いいただき ます。 7 医師よりご説明しますので必ずご確認ください。  ACP を左右両側に投与する場合は、2 回分(66,000 円)です。 (3) 本治療に係る費用は患者",
P00319,F0210,東京都,医療法人社団IHOC 稲城平尾整形外科クリニック,第二種,自家多血小板血漿（PRP）を用いた関節内組織損傷に対する鏡視下治療,AUTO,0.994,https://saiseiiryo.mhlw.go.jp/published_plan/download/01C2503013/5/0,33000,税込,1 回,ACP MAX|ACP|Angel,8,"回の旨をご連絡いただき、同 意撤回書にご署名をお願いいたします。 10. 治療費用 (1) 本治療は、すべて自費診療であり、健康保険を使用することは できません。 (2) 本治療にかかる費用は、以下のとおりです。 キット 費用(PRP1 回1 部位)(税込) ACP 33,000 円 ACP MAX 165,000 円 Angel 220,000 円  上記料金表にはPRP 調製のための採血費用、PRP 調製費用が 含まれます。  診察、検査、投与にかかる費用および手術代は別途お支払いいただき ます。 7 医師よりご説明しますので必ずご確認ください。  ACP を左右両側に投与する場合",
P00319,F0210,東京都,医療法人社団IHOC 稲城平尾整形外科クリニック,第二種,自家多血小板血漿（PRP）を用いた関節内組織損傷に対する鏡視下治療,AUTO,0.994,https://saiseiiryo.mhlw.go.jp/published_plan/download/01C2503013/5/0,66000,不明,2 回分,ACP,8,"220,000 円  上記料金表にはPRP 調製のための採血費用、PRP 調製費用が 含まれます。  診察、検査、投与にかかる費用および手術代は別途お支払いいただき ます。 7 医師よりご説明しますので必ずご確認ください。  ACP を左右両側に投与する場合は、2 回分(66,000 円)です。 (3) 本治療に係る費用は患者様の症状などにより患者様毎に異なります。 施術する前に詳細な施術料金を提示いたしますので、ご納得いただいた 上、受療いただきますようお願い申し上げます。 11. 試料等の保存及び廃棄の方法 患者様から採取した血液と作製したPRP は、患者様ご自身の治療のみ に使用します。ただし",
P00320,F0211,東京都,医療法人社団KRMG 東京ヴェインクリニック,第二種,変形性関節症および関節腔の傷害を対象とした自家多血小板血漿（PRP）注入療法,QC,1.0,https://saiseiiryo.mhlw.go.jp/published_plan/download/01C2301038/5/0,,,,,,,Document fetched but no price candidate
P00321,F0212,東京都,医療法人社団M-TAC 文京整形外科,第二種,自家多血小板血漿（PRP）を用いた慢性関節炎の治療（関節内組織）,AUTO,0.9838,https://saiseiiryo.mhlw.go.jp/published_plan/download/01C2503016/5/0,50000,税込,,ACP MAX|ACP,8,"本治療にかかる費用は、以下のとおりです。なお、費用に含まれるのは、治療に伴う 診査、自家PRP 調製のための採血にかかる費用、自家PRP 調製費用、注入にかかる 費用であり、以下が費用の総額となります。 治療の種類 平均的な血小板注入量 費用(税込み) ACP-PRP 20 億個 50,000 円 HD-PRP(ACP MAX の場合) 90 億個 209,000 円 また、ACP-PRP は効果を高めるため、2 倍量1 度に投与することが可能です。 その場合の費用は以下の通りです。 治療の種類 平均的な血小板注入量 費用(税込み) ACP-PRP ダブルショット 40 億個 99,000 円",
P00321,F0212,東京都,医療法人社団M-TAC 文京整形外科,第二種,自家多血小板血漿（PRP）を用いた慢性関節炎の治療（関節内組織）,AUTO,0.9838,https://saiseiiryo.mhlw.go.jp/published_plan/download/01C2503016/5/0,209000,税込,,ACP MAX|ACP,8,"伴う 診査、自家PRP 調製のための採血にかかる費用、自家PRP 調製費用、注入にかかる 費用であり、以下が費用の総額となります。 治療の種類 平均的な血小板注入量 費用(税込み) ACP-PRP 20 億個 50,000 円 HD-PRP(ACP MAX の場合) 90 億個 209,000 円 また、ACP-PRP は効果を高めるため、2 倍量1 度に投与することが可能です。 その場合の費用は以下の通りです。 治療の種類 平均的な血小板注入量 費用(税込み) ACP-PRP ダブルショット 40 億個 99,000 円 治療終了後も定期的な受診が必要です。 9 11.健康被",
P00321,F0212,東京都,医療法人社団M-TAC 文京整形外科,第二種,自家多血小板血漿（PRP）を用いた慢性関節炎の治療（関節内組織）,AUTO,0.9838,https://saiseiiryo.mhlw.go.jp/published_plan/download/01C2503016/5/0,99000,税込,,ACP MAX|ACP,0,"RP(ACP MAX の場合) 90 億個 209,000 円 また、ACP-PRP は効果を高めるため、2 倍量1 度に投与することが可能です。 その場合の費用は以下の通りです。 治療の種類 平均的な血小板注入量 費用(税込み) ACP-PRP ダブルショット 40 億個 99,000 円 治療終了後も定期的な受診が必要です。 9 11.健康被害が発生した際の処置と補償等について すべての医療行為にはリスクがあり、ある一定の確率で合併症が起こりえます。 本治療においても『5.予想される効果と起こるかもしれない副作用』でお示しした 合併症については起こらないように細心の注意を払ってい",
P00244,F0219,東京都,医療法人社団TSOC 東京スポーツ＆整形外科クリニック,第二種,多血小板血漿（PRP）を用いた変形性関節症治療,AUTO,0.952,https://saiseiiryo.mhlw.go.jp/published_plan/download/02C2511021/5/0,300000,税別,,ACP MAX|ACP,8,"を公表する可能性がありますが、規程に基づき患者様個人 を特定できる内容が使われることはありません。 治療にかかる費用について この治療は公的保険の対象ではありませんので、当院の所定の施術料をお支払いいただきます。 ACP ダブルシリンジ 300,000 円(税抜) ACP MAX 300,000 円(税抜) Condensia システム 300,000 円(税抜) 症状などにより治療費は変動する可能性がございます。 詳細やご不明な点は医師またはスタッフにお尋ね下さい。 施術後、患者様の個人的な事情及び金銭等に関する問題に関しては一切の責を負いかねますのでご 了",
P00243,F0220,東京都,医療法人社団TSOC 東京スポーツ＆整形外科クリニック北参道,第二種,自己脂肪由来間葉系幹細胞を用いた変形性関節症治療,QC,1.0,https://saiseiiryo.mhlw.go.jp/published_plan/download/01C2510046/5/0,1000000,税別,,,6,"は最終診療日より原則10 年間保管いたします。 14.費用について 本治療は保険適用外であるため、治療にかかる費用全額をご自分でご負担いただきます。その 他、本治療を受けるために必要となった旅費、交通費などの全ての費用もご自分でご負担いただ きます。実際に必要となる費用については今回の治療は1,000,000 円(税抜)となります。 なお、脂肪の採取後や、細胞加工物の製造開始後に同意を撤回された場合など、同意を撤回さ れる時点までに費用が発生している場合は、発生した費用についてはあなたにご負担いただきま すのでご了承ください。 15.その他特記事項 本治療の安全性及び有効性の確保、患者様の健康状態の把握のため、本治療を受けてから6 ヶ",
P00331,F0227,東京都,医療法人社団アヴェニュー アヴェニュー銀座クリニック,第二種,自己脂肪由来間葉系幹細胞を用いた関節痛、変形性関節症治療,QC,1.0,https://saiseiiryo.mhlw.go.jp/published_plan/download/02C2606021/5/0,1300000,税別,,,6,"は最終診療日より原則10 年間保管いたします。 14.費用について 本治療は保険適用外であるため、治療にかかる費用全額をご自分でご負担いただきます。その 他、本治療を受けるために必要となった旅費、交通費などの全ての費用もご自分でご負担いただ きます。実際に必要となる費用は以下の通りです。 1,300,000 円(税抜) 1_07_説明文書同意文書 6 / 9 なお、脂肪の採取後や、細胞加工物の製造後に同意を撤回された場合など、同意を撤回される時 点までに費用が発生している場合は、発生した費用についてはあなたにご負担いただきますので ご了承ください。 15.その他特記事項 本治療の安全性及び有効性の確保、患者様の健康状態",
P00332,F0237,東京都,医療法人社団ミッドタウンクリニック 東京ミッドタウンクリニック,第二種,自己脂肪由来間葉系幹細胞を用いた関節痛、変形性関節症治療,QC,0.976,https://saiseiiryo.mhlw.go.jp/published_plan/download/02C2403054/5/0,1800000,税別,,,6,"療日より原則10 年間保管 いたします。 14.費用について 本治療は保険適用外であるため、治療にかかる費用全額をご自分でご負担いただきます。その 他、本治療を受けるために必要となった旅費、交通費などの全ての費用もご自分でご負担いただ きます。実際に必要となる費用については今回の治療は 1,800,000 円(税抜)となります。 脂肪採取から1 年以内に再度本治療をご希望される場合、凍結された細胞を用いるので脂肪採 取をさせて頂く必要はございませんが、費用については、同額となります。 なお、脂肪の採取後や、細胞加工物の製造後に同意を撤回された場合など、同意を撤回される時 点までに費用が発生している場合は、発生した費用についてはあなたにご負",
P00333,F0237,東京都,医療法人社団ミッドタウンクリニック 東京ミッドタウンクリニック,第二種,自己脂肪由来間葉系幹細胞を用いた靭帯・腱損傷治療,QC,0.976,https://saiseiiryo.mhlw.go.jp/published_plan/download/02C2403056/5/0,1800000,税別,,,6,"療日より原則10 年間保管 いたします。 13.費用について 本治療は保険適用外であるため、治療にかかる費用全額をご自分でご負担いただきます。その 他、本治療を受けるために必要となった旅費、交通費などの全ての費用もご自分でご負担いただ きます。実際に必要となる費用については今回の治療は 1,800,000 円(税抜)となります。 脂肪採取から1 年以内に再度本治療をご希望される場合、凍結された細胞を用いるので脂肪採 取をさせて頂く必要はございませんが、費用については、同額となります。 なお、脂肪の採取後や、細胞加工物の製造後に同意を撤回された場合など、同意を撤回される時 点までに費用が発生している場合は、発生した費用についてはあなたにご負",
P00322,F0249,東京都,医療法人社団井上 いのうえ整形外科,第二種,自己多血小板血漿（PRP）療法（治療対象：関節炎・変形性関節症）,QC,1.0,https://saiseiiryo.mhlw.go.jp/published_plan/download/02C2601088/5/0,3300,税込,1回,,1,"調製のための採血にかかる費用、PRP調製費用、 投与にかかる費用が含まれております。なお、本治療は1回の採血 (60 mL)につき、投与3回分(各投与約5 mL、最大で約15 mL) のPRPを製造いたします。 PRPを用いた投与1回分(1部位) 55,000円(税込) (別途、感染症検査費用3,300円(税込)を実費としてご負担いた だきます。 そのため、1回目の投与にかかる費用は合計58,300円(税込)とな ります。) ※2回目及び3回目の投与は、医師の判断や患者様のご希望により、 実施するかどうかを決定いたします。 【本治療キャンセル時の費用】 期間 キャンセル費用 同意~採血前 全額返金いたします 採血後 投与1回分の費用55,",
P00322,F0249,東京都,医療法人社団井上 いのうえ整形外科,第二種,自己多血小板血漿（PRP）療法（治療対象：関節炎・変形性関節症）,QC,1.0,https://saiseiiryo.mhlw.go.jp/published_plan/download/02C2601088/5/0,5500,税込,2回,,1,"負担いただきます 投与2回目以降、 投与予定時刻24時間以内(休診日・休診時間を除く)のキャンセ ル・変更 投与1回分の費用55,000円(税込)をご負担いただきます ※採血した血液に感染の疑いがある場合など、患者さまの責任がな い場合は、診察料および採血にかかる費用として治療費の10%にあ たる5,500円(税込)および感染症検査費用3,300円(税込)の合計 8,800円(税込)をご負担いただき、その他費用は返金いたしま す。 【認定再生医療等委員会のお問い合わせ窓口】 東京都健康長寿医療センター 健康長寿イノベーションセンター (HAIC) 研究開発ユニット 認定再生医療等委員会担当 TEL 03-3964-1141 内線2275 e-",
P00322,F0249,東京都,医療法人社団井上 いのうえ整形外科,第二種,自己多血小板血漿（PRP）療法（治療対象：関節炎・変形性関節症）,QC,1.0,https://saiseiiryo.mhlw.go.jp/published_plan/download/02C2601088/5/0,8800,税込,1回,,1,"・休診時間を除く)のキャンセ ル・変更 投与1回分の費用55,000円(税込)をご負担いただきます ※採血した血液に感染の疑いがある場合など、患者さまの責任がな い場合は、診察料および採血にかかる費用として治療費の10%にあ たる5,500円(税込)および感染症検査費用3,300円(税込)の合計 8,800円(税込)をご負担いただき、その他費用は返金いたしま す。 【認定再生医療等委員会のお問い合わせ窓口】 東京都健康長寿医療センター 健康長寿イノベーションセンター (HAIC) 研究開発ユニット 認定再生医療等委員会担当 TEL 03-3964-1141 内線2275 e-mail:rinsyoushiken@tmghig.jp 【お問合せ",
P00322,F0249,東京都,医療法人社団井上 いのうえ整形外科,第二種,自己多血小板血漿（PRP）療法（治療対象：関節炎・変形性関節症）,QC,1.0,https://saiseiiryo.mhlw.go.jp/published_plan/download/02C2601088/5/0,55000,税込,1回,,1,"です。費用には、1回の治療 に伴う診査、PRP調製のための採血にかかる費用、PRP調製費用、 投与にかかる費用が含まれております。なお、本治療は1回の採血 (60 mL)につき、投与3回分(各投与約5 mL、最大で約15 mL) のPRPを製造いたします。 PRPを用いた投与1回分(1部位) 55,000円(税込) (別途、感染症検査費用3,300円(税込)を実費としてご負担いた だきます。 そのため、1回目の投与にかかる費用は合計58,300円(税込)とな ります。) ※2回目及び3回目の投与は、医師の判断や患者様のご希望により、 実施するかどうかを決定いたします。 【本治療キャンセル時の費用】 期間 キャンセル費用 同意~採血前 全額返",
P00322,F0249,東京都,医療法人社団井上 いのうえ整形外科,第二種,自己多血小板血漿（PRP）療法（治療対象：関節炎・変形性関節症）,QC,1.0,https://saiseiiryo.mhlw.go.jp/published_plan/download/02C2601088/5/0,58300,税込,1回,,1,"は1回の採血 (60 mL)につき、投与3回分(各投与約5 mL、最大で約15 mL) のPRPを製造いたします。 PRPを用いた投与1回分(1部位) 55,000円(税込) (別途、感染症検査費用3,300円(税込)を実費としてご負担いた だきます。 そのため、1回目の投与にかかる費用は合計58,300円(税込)とな ります。) ※2回目及び3回目の投与は、医師の判断や患者様のご希望により、 実施するかどうかを決定いたします。 【本治療キャンセル時の費用】 期間 キャンセル費用 同意~採血前 全額返金いたします 採血後 投与1回分の費用55,000円(税込)をご負担いただきます 投与2回目以降、 投与予定時刻24時間以内(休診日・休診時間",
P00323,F0251,東京都,医療法人社団俊和会 寺田病院,第二種,自家培養脂肪由来幹細胞を用いた変形性関節症の治療,QC,1.0,https://saiseiiryo.mhlw.go.jp/published_plan/download/01C2508052/5/0,,,,,,,Document fetched but no price candidate
P00245,F0254,東京都,医療法人社団光美会 セルズクリニック銀座院,第二種,自己脂肪由来幹細胞を用いた変形性関節症の治療,QC,1.0,https://saiseiiryo.mhlw.go.jp/published_plan/download/02C2601093/5/0,1320000,税込,1回,,6,"へ報告し対応させていただきます。 再生医療事務局 電話番号:03-6217-0530 13.費用について 本治療は保険適用外であるため、治療にかかる費用全額をお支払い いただきます。 その他、本治療を受けるために必要となった旅費、交通費などの全 ての費用も同様です。 本治療にかかる費用は、1回分 1,320,000円(税込)です。 同意を撤回された場合など、同意を撤回される時点までに発生した 費用(診察料、検査費、脂肪採取費、輸送費、加工費等)について は、ご負担いただきますのでご了承ください。 14.他の治療法の有無、本治療法との比較について 変形性関節症の治療法には保存療法と手術療法の2つの方法があり ます。 薬物投与、装具装着、リハビリテーショ",
P00309,F0262,東京都,医療法人社団医生会 わせだ整形外科,第三種,自家多血小板血漿（PRP）を用いた筋肉、腱、靭帯、筋膜の損傷及び慢性炎症の治療（関節外の軟部組織）,QC,1.0,https://saiseiiryo.mhlw.go.jp/published_plan/download/02C2606061/5/0,5500,税込,1部位,ACP MAX|ACP|Angel,9,"することは できません。 (2) 本治療にかかる費用は、以下のとおりです。なお、PRP 費用 は、治療に伴う診査、PRP 調製のための採血にかかる費用、PRP 調 製費用、注入にかかる費用の総額となります。左右両側に投与する 場合は、2 部位・2 キット分です。 ■血液検査 : 5,500円(税込・実施した場合) ■PRP・1 キット(1部位) キット名 金額 (税込) ACP 44,000 円 ACP MAX 165,000円 Angel 250,000円 Condensia 44,000 円 PRGF 110,000円 11. 試料の保存及び廃棄の方 法 患者様から採",
P00309,F0262,東京都,医療法人社団医生会 わせだ整形外科,第三種,自家多血小板血漿（PRP）を用いた筋肉、腱、靭帯、筋膜の損傷及び慢性炎症の治療（関節外の軟部組織）,QC,1.0,https://saiseiiryo.mhlw.go.jp/published_plan/download/02C2606061/5/0,44000,税込,1部位,ACP MAX|ACP|Angel,9,"伴う診査、PRP 調製のための採血にかかる費用、PRP 調 製費用、注入にかかる費用の総額となります。左右両側に投与する 場合は、2 部位・2 キット分です。 ■血液検査 : 5,500円(税込・実施した場合) ■PRP・1 キット(1部位) キット名 金額 (税込) ACP 44,000 円 ACP MAX 165,000円 Angel 250,000円 Condensia 44,000 円 PRGF 110,000円 11. 試料の保存及び廃棄の方 法 患者様から採取した血液と作製したPRPは、患者様ご自身の治療 のみに使用します。ただし、症例検討や学会発表を目的として、",
P00309,F0262,東京都,医療法人社団医生会 わせだ整形外科,第三種,自家多血小板血漿（PRP）を用いた筋肉、腱、靭帯、筋膜の損傷及び慢性炎症の治療（関節外の軟部組織）,QC,1.0,https://saiseiiryo.mhlw.go.jp/published_plan/download/02C2606061/5/0,165000,税込,1部位,ACP MAX|ACP|Angel,9,"にかかる費用、PRP 調 製費用、注入にかかる費用の総額となります。左右両側に投与する 場合は、2 部位・2 キット分です。 ■血液検査 : 5,500円(税込・実施した場合) ■PRP・1 キット(1部位) キット名 金額 (税込) ACP 44,000 円 ACP MAX 165,000円 Angel 250,000円 Condensia 44,000 円 PRGF 110,000円 11. 試料の保存及び廃棄の方 法 患者様から採取した血液と作製したPRPは、患者様ご自身の治療 のみに使用します。ただし、症例検討や学会発表を目的として、血 液や PRP の測定を行い、デ",
P00309,F0262,東京都,医療法人社団医生会 わせだ整形外科,第三種,自家多血小板血漿（PRP）を用いた筋肉、腱、靭帯、筋膜の損傷及び慢性炎症の治療（関節外の軟部組織）,QC,1.0,https://saiseiiryo.mhlw.go.jp/published_plan/download/02C2606061/5/0,250000,税込,1部位,ACP MAX|ACP|Angel,9,"用、注入にかかる費用の総額となります。左右両側に投与する 場合は、2 部位・2 キット分です。 ■血液検査 : 5,500円(税込・実施した場合) ■PRP・1 キット(1部位) キット名 金額 (税込) ACP 44,000 円 ACP MAX 165,000円 Angel 250,000円 Condensia 44,000 円 PRGF 110,000円 11. 試料の保存及び廃棄の方 法 患者様から採取した血液と作製したPRPは、患者様ご自身の治療 のみに使用します。ただし、症例検討や学会発表を目的として、血 液や PRP の測定を行い、データを取得することがあります。",
P00309,F0262,東京都,医療法人社団医生会 わせだ整形外科,第三種,自家多血小板血漿（PRP）を用いた筋肉、腱、靭帯、筋膜の損傷及び慢性炎症の治療（関節外の軟部組織）,QC,1.0,https://saiseiiryo.mhlw.go.jp/published_plan/download/02C2606061/5/0,110000,税込,1部位,ACP MAX|ACP|Angel,4,"2 部位・2 キット分です。 ■血液検査 : 5,500円(税込・実施した場合) ■PRP・1 キット(1部位) キット名 金額 (税込) ACP 44,000 円 ACP MAX 165,000円 Angel 250,000円 Condensia 44,000 円 PRGF 110,000円 11. 試料の保存及び廃棄の方 法 患者様から採取した血液と作製したPRPは、患者様ご自身の治療 のみに使用します。ただし、症例検討や学会発表を目的として、血 液や PRP の測定を行い、データを取得することがあります。 血液およびPRPは微量で全量を使用するため、保管はしません。",
P00246,F0264,東京都,医療法人社団和み會 東京長寿医学クリニック,第二種,多血小板血漿を用いた変形性関節症の治療,AUTO,1.0,https://saiseiiryo.mhlw.go.jp/published_plan/download/03C2607026/5/0,165000,税込,1回,,9,"対応させていただきます。 再生医療事務局 電話番号:03-6263-9200 13.費用について 本治療は保険の適用外であるため、自由診療として提供いたしま す。そのため、本治療を提供するために必要となる費用につきまし てはあなたに全額ご負担いただく必要がございます。治療に必要と なる費用は1回¥165,000円(税込)となります。 なお、細胞の採取後や加工後に同意を撤回された場合など、同意 を撤回される時点までに費用が発生している場合は、発生した費用 についてはあなたにご負担いただきますのでご了承ください。 14.他の治療法の有無、本治療法との比較について 変形性関節症の治療法には保存療法と手術療法の2つの方法があ ります。薬物投与、装具",
P00247,F0265,東京都,医療法人社団啓神会 M再生クリニック,第二種,自家脂肪由来幹細胞（ASC）を用いた変形性関節症治療,QC,1.0,https://saiseiiryo.mhlw.go.jp/published_plan/download/02C2408102/5/0,,,,,,,Document fetched but no price candidate
P00248,F0268,東京都,医療法人社団山本医院 セルフォース ワン クリニック トウキョウ,第二種,自己脂肪由来幹細胞を用いた変形性関節症の治療,QC,1.0,https://saiseiiryo.mhlw.go.jp/published_plan/download/01C2507010/5/0,50000,税別,1回,,1,"実施される本治療および本治療に 必要な検査や再診料などの費用は全額自己負担となります。 治療費は、治療に用いる細胞の準備を開始する際、前もっていただいております。 項目 料金(税抜き) 自己脂肪由来間葉系幹細胞の投与 (1回) 1,500,000 円 ※細胞保管料は年間50,000円となります。 ※投与回数および投与ヵ所数は医師と相談の上決定いたします。 脂肪採取予定日や細胞投与予定日の直前に治療を中止した場合、細胞培養を委託している 施設や搬送業者のキャンセル料が発生する場合がございます。患者さまのご都合により治療を 中止された場合は、当院の定めるキャンセル料をお支払いいただきますので、あらかじめご",
P00248,F0268,東京都,医療法人社団山本医院 セルフォース ワン クリニック トウキョウ,第二種,自己脂肪由来幹細胞を用いた変形性関節症の治療,QC,1.0,https://saiseiiryo.mhlw.go.jp/published_plan/download/01C2507010/5/0,1500000,税別,1回,,1,"治療は公的保険の対象ではありませんので、当院において実施される本治療および本治療に 必要な検査や再診料などの費用は全額自己負担となります。 治療費は、治療に用いる細胞の準備を開始する際、前もっていただいております。 項目 料金(税抜き) 自己脂肪由来間葉系幹細胞の投与 (1回) 1,500,000 円 ※細胞保管料は年間50,000円となります。 ※投与回数および投与ヵ所数は医師と相談の上決定いたします。 脂肪採取予定日や細胞投与予定日の直前に治療を中止した場合、細胞培養を委託している 施設や搬送業者のキャンセル料が発生する場合がございます。患者さまのご都合により治療を 中止された場合は、当院の定めるキャンセ",
P00248,F0268,東京都,医療法人社団山本医院 セルフォース ワン クリニック トウキョウ,第二種,自己脂肪由来幹細胞を用いた変形性関節症の治療,QC,1.0,https://saiseiiryo.mhlw.go.jp/published_plan/download/01C2507010/5/0,100000,不明,,,-1,"さい。やむなく日程の変更等が必要となった場合はお早めのご連絡をお願いいたします。ま た、脂肪組織の状態などによっては細胞が十分量得られない可能性もありますが、その場合の 投与可否については患者さまにご相談させていただいた上で決定します。 ・キャンセルポリシー 脂肪採取予約確定後のキャンセル 100,000円 脂肪採取当日採取前 300,000円 脂肪採取後 総治療費全額 12)健康被害と補償について 万一、本治療や治療のための組織採取が原因と考えられる健康被害が発生した場合は、医師 が適切な診察と治療を行います。また、その健康被害の度合いに応じ、再生医療サポート保険よ り、所定の基準に従って補償の給付を受けることができます。ただ",
P00248,F0268,東京都,医療法人社団山本医院 セルフォース ワン クリニック トウキョウ,第二種,自己脂肪由来幹細胞を用いた変形性関節症の治療,QC,1.0,https://saiseiiryo.mhlw.go.jp/published_plan/download/01C2507010/5/0,300000,不明,,,-1,"場合はお早めのご連絡をお願いいたします。ま た、脂肪組織の状態などによっては細胞が十分量得られない可能性もありますが、その場合の 投与可否については患者さまにご相談させていただいた上で決定します。 ・キャンセルポリシー 脂肪採取予約確定後のキャンセル 100,000円 脂肪採取当日採取前 300,000円 脂肪採取後 総治療費全額 12)健康被害と補償について 万一、本治療や治療のための組織採取が原因と考えられる健康被害が発生した場合は、医師 が適切な診察と治療を行います。また、その健康被害の度合いに応じ、再生医療サポート保険よ り、所定の基準に従って補償の給付を受けることができます。ただし健康被害の発生原因が本治療 と無関係で",
P00249,F0269,東京都,医療法人社団平成会 たいら整形外科クリニック,第二種,自家多血小板血漿（PRP）を用いた慢性関節炎の治療（関節内組織）,AUTO,0.9838,https://saiseiiryo.mhlw.go.jp/published_plan/download/01C2210027/5/0,20000,税込,2 回分,,9,"かかる費用、PRP 調製費用、注入にかかる費 用の総額となります。左右両側に投与する場合は、2 回分です。 PRP 1 回(1 部位) 50,000 円(税込) PRP 2 回分(2 部位同時) 90,000 円(税込) 学生割引 -20,000 円(税込) 11. 試料等の保存及び廃棄の方法 患者様から採取した血液と作製したPRP は、患者様ご自身の治療のみ に使用します。ただし、症例検討や学会発表を目的として、血液やPRP の測定を行い、データを取得することがあります。 血液およびPRP は微量で全量を使用するため、保管はしません。治療 に用いない血液またはPRP",
P00249,F0269,東京都,医療法人社団平成会 たいら整形外科クリニック,第二種,自家多血小板血漿（PRP）を用いた慢性関節炎の治療（関節内組織）,AUTO,0.9838,https://saiseiiryo.mhlw.go.jp/published_plan/download/01C2210027/5/0,50000,税込,2 回分,,9,"とはできませ ん。 6 (2) 本治療にかかる費用は、以下のとおりです。なお、費用は、治療に伴う診 査、PRP 調製のための採血にかかる費用、PRP 調製費用、注入にかかる費 用の総額となります。左右両側に投与する場合は、2 回分です。 PRP 1 回(1 部位) 50,000 円(税込) PRP 2 回分(2 部位同時) 90,000 円(税込) 学生割引 -20,000 円(税込) 11. 試料等の保存及び廃棄の方法 患者様から採取した血液と作製したPRP は、患者様ご自身の治療のみ に使用します。ただし、症例検討や学会発表を目的として、血液やPRP の測",
P00249,F0269,東京都,医療法人社団平成会 たいら整形外科クリニック,第二種,自家多血小板血漿（PRP）を用いた慢性関節炎の治療（関節内組織）,AUTO,0.9838,https://saiseiiryo.mhlw.go.jp/published_plan/download/01C2210027/5/0,90000,税込,2 回分,,9,"りです。なお、費用は、治療に伴う診 査、PRP 調製のための採血にかかる費用、PRP 調製費用、注入にかかる費 用の総額となります。左右両側に投与する場合は、2 回分です。 PRP 1 回(1 部位) 50,000 円(税込) PRP 2 回分(2 部位同時) 90,000 円(税込) 学生割引 -20,000 円(税込) 11. 試料等の保存及び廃棄の方法 患者様から採取した血液と作製したPRP は、患者様ご自身の治療のみ に使用します。ただし、症例検討や学会発表を目的として、血液やPRP の測定を行い、データを取得することがあります。 血液およびPRP は微量で全",
P00250,F0270,東京都,医療法人社団幸神会 下北沢DOクリニック,第二種,変形性関節症に対する多血小板血漿（PRP）関節内投与療法,AUTO,1.0,https://saiseiiryo.mhlw.go.jp/published_plan/download/01C2407031/5/0,55000,税込,,ACP|APS|GPS,8,"窓口部署:医療事務 連絡先:090-4896-8903 14.費用について 細胞の提供に際して費用は発生しません。 治療の提供に際しては、本治療は公的保険の対象ではありませんので、当院所定の施術料として以下の 金額をお支払いいただきます(税込)。 1ACP ダブルシリンジ:55,000円 2GPS®IIIシステム+APSキット:400,000円 ※患者様の症状、その他の事情等により治療費が変動する場合があります。 なお、細胞の採取後や加工後に同意を撤回された場合など、同意を撤回される時点までに費用が発生し ている場合は、発生した費用については患者様にご負担いただきますのでご了承ください。 15.他の治療",
P00250,F0270,東京都,医療法人社団幸神会 下北沢DOクリニック,第二種,変形性関節症に対する多血小板血漿（PRP）関節内投与療法,AUTO,1.0,https://saiseiiryo.mhlw.go.jp/published_plan/download/01C2407031/5/0,400000,税込,,ACP|APS|GPS,8,"903 14.費用について 細胞の提供に際して費用は発生しません。 治療の提供に際しては、本治療は公的保険の対象ではありませんので、当院所定の施術料として以下の 金額をお支払いいただきます(税込)。 1ACP ダブルシリンジ:55,000円 2GPS®IIIシステム+APSキット:400,000円 ※患者様の症状、その他の事情等により治療費が変動する場合があります。 なお、細胞の採取後や加工後に同意を撤回された場合など、同意を撤回される時点までに費用が発生し ている場合は、発生した費用については患者様にご負担いただきますのでご了承ください。 15.他の治療法の有無、本治療法との比較について 変形性関節症をはじめと",
P00252,F0276,東京都,医療法人社団慶優会 増本整形外科クリニック,第二種,多血小板血漿抽出液による関節症治療,AUTO,1.0,https://saiseiiryo.mhlw.go.jp/published_plan/download/03C2405009/5/0,100000,不明,,APS|GPS|Zimmer,7,"者(院長)へと報告して対応させていただきます。 窓口部署:事務 連絡先:03−5335−5144 12.費用について この治療は公的保険の対象ではありませんので、当院所定の施術料をお支払いいただきます。 ・ZIMMER BIOMET 製 GPS®IIIシステム使用 100,000円 (APSキットを使用せず、作製したPRPをそのまま使用する場合) GPS®IIIシステム、APSキット使用 300,000円 (APSキットを使用してさらに抽出を行い純度を高めて使用する場合) ※患者様の症状、その他の事情等により治療費が変動する場合があります。 なお、細胞の採取後や加工後",
P00252,F0276,東京都,医療法人社団慶優会 増本整形外科クリニック,第二種,多血小板血漿抽出液による関節症治療,AUTO,1.0,https://saiseiiryo.mhlw.go.jp/published_plan/download/03C2405009/5/0,300000,不明,,APS|GPS|Zimmer,7,"んので、当院所定の施術料をお支払いいただきます。 ・ZIMMER BIOMET 製 GPS®IIIシステム使用 100,000円 (APSキットを使用せず、作製したPRPをそのまま使用する場合) GPS®IIIシステム、APSキット使用 300,000円 (APSキットを使用してさらに抽出を行い純度を高めて使用する場合) ※患者様の症状、その他の事情等により治療費が変動する場合があります。 なお、細胞の採取後や加工後に同意を撤回された場合など、同意を撤回される時点までに費用が発生し ている場合は、発生した費用については患者様にご負担いただきますのでご了承ください。 13.",
P00253,F0280,東京都,医療法人社団慶晃会 世田谷玉川整形外科内科クリニック,第二種,自家滑膜幹細胞注射による変形性膝関節症治療,QC,1.0,https://saiseiiryo.mhlw.go.jp/published_plan/download/02C2509056/5/0,300000,税込,,,6,"費用がかかります。患 者さまの状態やご要望により滑膜採取を外来で行うこともありますが、この場合入院費用は不要と なります。  「中止基準(2)細胞の培養等が計画通りに実施できなかった場合」に相当し、医師の判断で中止 治療費用(片膝) 2,450,000 円(税込) 入院費用(滑膜採取時) 300,000 円(税込) 1 _09 説明文書・同意文書 第3 版 2025/12/10 7 した場合(注射を行わなかった場合)、その時点までにかかった費用として、入院での採取時は 1,300,000円(税込)を、外来での採取時は1,000,000円(税込)をご負担いただきます。  培養開始後、「中止基準(1)患者さまから中止の申し出が",
P00253,F0280,東京都,医療法人社団慶晃会 世田谷玉川整形外科内科クリニック,第二種,自家滑膜幹細胞注射による変形性膝関節症治療,QC,1.0,https://saiseiiryo.mhlw.go.jp/published_plan/download/02C2509056/5/0,2450000,税込,,,6,"取時には、通常はご入院いただきますので、治療費用とは別に入院費用がかかります。患 者さまの状態やご要望により滑膜採取を外来で行うこともありますが、この場合入院費用は不要と なります。  「中止基準(2)細胞の培養等が計画通りに実施できなかった場合」に相当し、医師の判断で中止 治療費用(片膝) 2,450,000 円(税込) 入院費用(滑膜採取時) 300,000 円(税込) 1 _09 説明文書・同意文書 第3 版 2025/12/10 7 した場合(注射を行わなかった場合)、その時点までにかかった費用として、入院での採取時は 1,300,000円(税込)を、外来での採取時は1,000,000円(税込)をご負担いただきます。 ",
P00253,F0280,東京都,医療法人社団慶晃会 世田谷玉川整形外科内科クリニック,第二種,自家滑膜幹細胞注射による変形性膝関節症治療,QC,1.0,https://saiseiiryo.mhlw.go.jp/published_plan/download/02C2509056/5/0,1000000,税込,,,0,"やめた場合、以下の費用をご負担いいただきます。 期間 キャンセル費用 (入院採取時) キャンセル費用 (外来採取時) 自己血清を製造するための採血後 200,000 円(税込) 200,000 円(税込) 滑膜組織を採取後、培養を開始する前まで 1,300,000 円(税込) 1,000,000 円(税込) 培養を開始後、投与まで 2,750,000 円(税込) 2,450,000 円(税込)  治療費用は全額前払いですので、キャンセル等の際にはご負担額を差し引いて返金いたします。  採取した細胞や投与する幹細胞は、特定細胞加工物等製造施設と当院の間で適切な温度管 理のもと輸送されます。輸送時のトラブルにより細胞を",
P00253,F0280,東京都,医療法人社団慶晃会 世田谷玉川整形外科内科クリニック,第二種,自家滑膜幹細胞注射による変形性膝関節症治療,QC,1.0,https://saiseiiryo.mhlw.go.jp/published_plan/download/02C2509056/5/0,1300000,税込,,,0,"キャンセル費用:本治療をとりやめた場合、以下の費用をご負担いいただきます。 期間 キャンセル費用 (入院採取時) キャンセル費用 (外来採取時) 自己血清を製造するための採血後 200,000 円(税込) 200,000 円(税込) 滑膜組織を採取後、培養を開始する前まで 1,300,000 円(税込) 1,000,000 円(税込) 培養を開始後、投与まで 2,750,000 円(税込) 2,450,000 円(税込)  治療費用は全額前払いですので、キャンセル等の際にはご負担額を差し引いて返金いたします。  採取した細胞や投与する幹細胞は、特定細胞加工物等製造施設と当院の間で適切な温度管 理のもと輸送され",
P00253,F0280,東京都,医療法人社団慶晃会 世田谷玉川整形外科内科クリニック,第二種,自家滑膜幹細胞注射による変形性膝関節症治療,QC,1.0,https://saiseiiryo.mhlw.go.jp/published_plan/download/02C2509056/5/0,2750000,税込,,,0,"ャンセル費用 (入院採取時) キャンセル費用 (外来採取時) 自己血清を製造するための採血後 200,000 円(税込) 200,000 円(税込) 滑膜組織を採取後、培養を開始する前まで 1,300,000 円(税込) 1,000,000 円(税込) 培養を開始後、投与まで 2,750,000 円(税込) 2,450,000 円(税込)  治療費用は全額前払いですので、キャンセル等の際にはご負担額を差し引いて返金いたします。  採取した細胞や投与する幹細胞は、特定細胞加工物等製造施設と当院の間で適切な温度管 理のもと輸送されます。輸送時のトラブルにより細胞を使用できなくなった場合は、細胞採取や細 胞培養を再度行います",
P00253,F0280,東京都,医療法人社団慶晃会 世田谷玉川整形外科内科クリニック,第二種,自家滑膜幹細胞注射による変形性膝関節症治療,QC,1.0,https://saiseiiryo.mhlw.go.jp/published_plan/download/02C2509056/5/0,200000,税込,,,-2,"って注射を行わなかっ た場合(細胞輸送のトラブル発生時は除く)、キャンセル費用をご負担いただきます。 キャンセル費用:本治療をとりやめた場合、以下の費用をご負担いいただきます。 期間 キャンセル費用 (入院採取時) キャンセル費用 (外来採取時) 自己血清を製造するための採血後 200,000 円(税込) 200,000 円(税込) 滑膜組織を採取後、培養を開始する前まで 1,300,000 円(税込) 1,000,000 円(税込) 培養を開始後、投与まで 2,750,000 円(税込) 2,450,000 円(税込)  治療費用は全額前払いですので、キャンセル等の際にはご負担額を差し引いて返金いたします。",
P00254,F0280,東京都,医療法人社団慶晃会 世田谷玉川整形外科内科クリニック,第二種,多血小板血漿（PRP）を用いた変形性関節症治療,AUTO,0.952,https://saiseiiryo.mhlw.go.jp/published_plan/download/02C2510019/5/0,50000,税込,,ACP|APS|GPS|PEAK,8,"など、他人を特定できる内容が使われるこ とはありません。 治療にかかる費用について この治療は公的保険の対象外で、当院の所定の施術料をお支払いいただきます。 採血量 投与量 治療費用(税込) ACP 15ml 3~5ml 50,000円 GPSIII Mini 26ml 3ml 120,000円 Standard 52ml 6ml APS 55ml 2.5ml 300,000円 PEAK Mini 27ml 3ml 120,000円 Standard 54ml 6ml 投与回数や患部の症状などにより費用は変動する場合がご",
P00254,F0280,東京都,医療法人社団慶晃会 世田谷玉川整形外科内科クリニック,第二種,多血小板血漿（PRP）を用いた変形性関節症治療,AUTO,0.952,https://saiseiiryo.mhlw.go.jp/published_plan/download/02C2510019/5/0,120000,税込,,ACP|APS|GPS|PEAK,8,"治療にかかる費用について この治療は公的保険の対象外で、当院の所定の施術料をお支払いいただきます。 採血量 投与量 治療費用(税込) ACP 15ml 3~5ml 50,000円 GPSIII Mini 26ml 3ml 120,000円 Standard 52ml 6ml APS 55ml 2.5ml 300,000円 PEAK Mini 27ml 3ml 120,000円 Standard 54ml 6ml 投与回数や患部の症状などにより費用は変動する場合がございます。 詳細やご不明な点はスタッフにお尋ねください。 施術後、",
P00254,F0280,東京都,医療法人社団慶晃会 世田谷玉川整形外科内科クリニック,第二種,多血小板血漿（PRP）を用いた変形性関節症治療,AUTO,0.952,https://saiseiiryo.mhlw.go.jp/published_plan/download/02C2510019/5/0,300000,税込,,ACP|APS|GPS|PEAK,8,"象外で、当院の所定の施術料をお支払いいただきます。 採血量 投与量 治療費用(税込) ACP 15ml 3~5ml 50,000円 GPSIII Mini 26ml 3ml 120,000円 Standard 52ml 6ml APS 55ml 2.5ml 300,000円 PEAK Mini 27ml 3ml 120,000円 Standard 54ml 6ml 投与回数や患部の症状などにより費用は変動する場合がございます。 詳細やご不明な点はスタッフにお尋ねください。 施術後、患者様の個人的な事情及び金銭等に関する問題に関しては一切の責を負いかねますのでご 了承ください。",
P00255,F0281,東京都,医療法人社団慶永会 徳永整形外科,第二種,変形性関節症および関節腔の傷害を対象とした自家多血小板血漿（PRP）注入療法,QC,1.0,https://saiseiiryo.mhlw.go.jp/published_plan/download/01C2206030/5/0,,,,,,,Document fetched but no price candidate
P00328,F0285,東京都,医療法人社団景星会 大塚北口診療所,第二種,多血小板血漿（PRP）を用いた整形外科疾患に対する治療,QC,0.9718,https://saiseiiryo.mhlw.go.jp/published_plan/download/01C2112032/5/0,,,,,,,Document fetched but no price candidate
P00329,F0286,東京都,医療法人社団晴美会 麹町リバース今井整形外科クリニック,第二種,自己多血小板血漿（PRP）療法（治療対象：関節炎・変形性関節症）,QC,1.0,https://saiseiiryo.mhlw.go.jp/published_plan/download/01C2511043/5/0,,,,,,,Document fetched but no price candidate
P00256,F0298,東京都,医療法人社団活寿会 東京ひざ関節症クリニック銀座院,第二種,多血小板血漿（PRP）の投与による変形性関節症治療,AUTO,1.0,https://saiseiiryo.mhlw.go.jp/published_plan/download/03C2510028/5/0,220000,税込,,,8,"一切不利益を受けません。 ただし本治療をとりやめた際、すでに血液採取及び遠心分離に関わる費用が発生していた場 合、その費用はお支払いいただきます。 ・血液採取を行うキット開封前に治療を取りやめた場合、費用のお支払いはございません。 ・血液採取を行うキット開封後に治療を取りやめた場合、キット代220,000 円(税込)をお 第2 種 多血小板血漿(PRP)の投与による変形性関節症治療の説明文・同意文書 7 支払いいただきます。 また治療を行った後は、健康管理のために、必要に応じて適切な検査を受けていただきます。 医学的に問題がないか確認します。 14. 個人情報保護について 「個人情報の保護に関する法律」に基づき",
P00256,F0298,東京都,医療法人社団活寿会 東京ひざ関節症クリニック銀座院,第二種,多血小板血漿（PRP）の投与による変形性関節症治療,AUTO,1.0,https://saiseiiryo.mhlw.go.jp/published_plan/download/03C2510028/5/0,440000,税込,1 回,APS,8,"質管理された安全性の高いもの だが、アレルギー反応などの可能性 を完全には否定できない 11. 治療にかかる費用について この治療は公的保険の対象ではありませんので、当クリニックの所定の施術料をお支払いい ただきます。 ・濃縮PRP を用いた治療(APS キット使用)における施術料 440,000 円(税込) ご不明な点は医師・スタッフにお尋ねください。なお1 回の施術あたりの費用は、患部の状 態を確認した医師の判断、PRP の遠心回数等により変更となる場合がございます。 12. その他治療についての注意事項 患者さまの体調が良くない場合や、採取した血液の状態によっては、",
P00257,F0299,東京都,医療法人社団熊野前医院 たいら整形外科,第二種,自家多血小板血漿（PRP）を用いた変形性関節症および関節腔内の治療,QC,1.0,https://saiseiiryo.mhlw.go.jp/published_plan/download/01C2503037/5/0,,,,,,,Document fetched but no price candidate
P00258,F0300,東京都,医療法人社団珠光会 HASUMI免疫クリニック,第二種,慢性筋骨格系疼痛の緩和を目的とした自己脂肪由来間葉系幹細胞治療（動脈投与）,QC,1.0,https://saiseiiryo.mhlw.go.jp/published_plan/download/02C2508036/5/0,2750,不明,,,5,"、本書別紙4「治療計画・治療費用概算書」 に記載いたします。 処置費用(装置の使用料を含む) エコー下による投与 29,700 円 CT 下による投与 104,700 円 6.再診料 [5,500 円/回] フォローアップの血液検査(生化学/血球数算定検査)を行う費用(2,750 円)については別途必要です。 また、必要に応じて血液検査の他に検査項目が追加されることがあります。 細胞投与後は、投与後およそ1・3・6・12 か月にご来院いただきますよう、お願い申し上げます。 上記1~6の料金に加え、海外からの患者様には追加の料金がかかることがあります。 以上 HASUMI 免疫クリニック 01-",
P00258,F0300,東京都,医療法人社団珠光会 HASUMI免疫クリニック,第二種,慢性筋骨格系疼痛の緩和を目的とした自己脂肪由来間葉系幹細胞治療（動脈投与）,QC,1.0,https://saiseiiryo.mhlw.go.jp/published_plan/download/02C2508036/5/0,5500,不明,,,5,"を含む)が追加で必要です。 これらの費用が、患者様の治療計画に基づき発生する場合には、本書別紙4「治療計画・治療費用概算書」 に記載いたします。 処置費用(装置の使用料を含む) エコー下による投与 29,700 円 CT 下による投与 104,700 円 6.再診料 [5,500 円/回] フォローアップの血液検査(生化学/血球数算定検査)を行う費用(2,750 円)については別途必要です。 また、必要に応じて血液検査の他に検査項目が追加されることがあります。 細胞投与後は、投与後およそ1・3・6・12 か月にご来院いただきますよう、お願い申し上げます。 上記1~6の料金に加え、海外からの患者様には追",
P00258,F0300,東京都,医療法人社団珠光会 HASUMI免疫クリニック,第二種,慢性筋骨格系疼痛の緩和を目的とした自己脂肪由来間葉系幹細胞治療（動脈投与）,QC,1.0,https://saiseiiryo.mhlw.go.jp/published_plan/download/02C2508036/5/0,29700,不明,1 回,,5,"CT などの装置を用いる場合については、1 回の投与あたり下記の費用(装 置の使用料を含む)が追加で必要です。 これらの費用が、患者様の治療計画に基づき発生する場合には、本書別紙4「治療計画・治療費用概算書」 に記載いたします。 処置費用(装置の使用料を含む) エコー下による投与 29,700 円 CT 下による投与 104,700 円 6.再診料 [5,500 円/回] フォローアップの血液検査(生化学/血球数算定検査)を行う費用(2,750 円)については別途必要です。 また、必要に応じて血液検査の他に検査項目が追加されることがあります。 細胞投与後は、投与後およそ1・3・6・12 か月にご来院いただきます",
P00258,F0300,東京都,医療法人社団珠光会 HASUMI免疫クリニック,第二種,慢性筋骨格系疼痛の緩和を目的とした自己脂肪由来間葉系幹細胞治療（動脈投与）,QC,1.0,https://saiseiiryo.mhlw.go.jp/published_plan/download/02C2508036/5/0,104700,不明,1 回,,5,"1 回の投与あたり下記の費用(装 置の使用料を含む)が追加で必要です。 これらの費用が、患者様の治療計画に基づき発生する場合には、本書別紙4「治療計画・治療費用概算書」 に記載いたします。 処置費用(装置の使用料を含む) エコー下による投与 29,700 円 CT 下による投与 104,700 円 6.再診料 [5,500 円/回] フォローアップの血液検査(生化学/血球数算定検査)を行う費用(2,750 円)については別途必要です。 また、必要に応じて血液検査の他に検査項目が追加されることがあります。 細胞投与後は、投与後およそ1・3・6・12 か月にご来院いただきますよう、お願い申し上げます。 上記1",
P00258,F0300,東京都,医療法人社団珠光会 HASUMI免疫クリニック,第二種,慢性筋骨格系疼痛の緩和を目的とした自己脂肪由来間葉系幹細胞治療（動脈投与）,QC,1.0,https://saiseiiryo.mhlw.go.jp/published_plan/download/02C2508036/5/0,11000,税込,,,3,"益になるようなことはございません。一度ご同意いただいた後にその同意を撤回(本療法の 取りやめ)することもできます。ご不明な点は担当医師にお尋ねください。 HASUMI 免疫クリニック 01-06 9 治療料金表 (税込) 1.外来初診料 [11,000 円] 問診(痛みの評価等および医師とのカウンセリング)の料金が含まれています。 2. 事前検査の料金 [15,400 円] 感染症の検査※・血液検査(生化学/血球数算定検査)・心電図・CAVI 検査などの料金が含まれています。 (※HIV 抗原・抗体同時定性、HCV 抗体/CLEIA、HBs 抗原/CLIA、HBe 抗",
P00258,F0300,東京都,医療法人社団珠光会 HASUMI免疫クリニック,第二種,慢性筋骨格系疼痛の緩和を目的とした自己脂肪由来間葉系幹細胞治療（動脈投与）,QC,1.0,https://saiseiiryo.mhlw.go.jp/published_plan/download/02C2508036/5/0,15400,税込,,,3,"お尋ねください。 HASUMI 免疫クリニック 01-06 9 治療料金表 (税込) 1.外来初診料 [11,000 円] 問診(痛みの評価等および医師とのカウンセリング)の料金が含まれています。 2. 事前検査の料金 [15,400 円] 感染症の検査※・血液検査(生化学/血球数算定検査)・心電図・CAVI 検査などの料金が含まれています。 (※HIV 抗原・抗体同時定性、HCV 抗体/CLEIA、HBs 抗原/CLIA、HBe 抗原/CLIA、HTLV1 抗体 CLIA 、梅毒RPR 法定性、梅毒TPHA 定性、マイコプラズマ抗体半定量/PA) 3.治療",
P00258,F0300,東京都,医療法人社団珠光会 HASUMI免疫クリニック,第二種,慢性筋骨格系疼痛の緩和を目的とした自己脂肪由来間葉系幹細胞治療（動脈投与）,QC,1.0,https://saiseiiryo.mhlw.go.jp/published_plan/download/02C2508036/5/0,770000,不明,1 回,,0,"1 回投与 1億個×1回投与 2 億個 (1 億×2 回投与) 4 億個 (1 億×4 回投与) 幹細胞培養治療費 (初代培養・初回) 880,000 円 2,200,000 円 3,300,000 円 4,400,000 円 幹細胞培養治療費 (解凍培養・2回目) 770,000 円 1,650,000 円 2,640,000 円 3,520,000 円 4.キャンセル料/変更料 キャンセルや日程変更がある場合には下記のキャンセル料/変更料がかかります。 (1) 脂肪採取についてのキャンセル料(取りやめ)または変更料(採取手術日の変更) キャンセル料または変更料 脂肪採取日の3 営業日前より",
P00258,F0300,東京都,医療法人社団珠光会 HASUMI免疫クリニック,第二種,慢性筋骨格系疼痛の緩和を目的とした自己脂肪由来間葉系幹細胞治療（動脈投与）,QC,1.0,https://saiseiiryo.mhlw.go.jp/published_plan/download/02C2508036/5/0,880000,不明,1 回,,0,"よる処置が必要な場合には 5各種装置 (CT/エコー)下による投与において生じる費用 が投与基本料の他に必要となります。 3000 万個×1 回投与 1億個×1回投与 2 億個 (1 億×2 回投与) 4 億個 (1 億×4 回投与) 幹細胞培養治療費 (初代培養・初回) 880,000 円 2,200,000 円 3,300,000 円 4,400,000 円 幹細胞培養治療費 (解凍培養・2回目) 770,000 円 1,650,000 円 2,640,000 円 3,520,000 円 4.キャンセル料/変更料 キャンセルや日程変更がある場合には下記のキャンセル料/変更料がかかります。",
P00258,F0300,東京都,医療法人社団珠光会 HASUMI免疫クリニック,第二種,慢性筋骨格系疼痛の緩和を目的とした自己脂肪由来間葉系幹細胞治療（動脈投与）,QC,1.0,https://saiseiiryo.mhlw.go.jp/published_plan/download/02C2508036/5/0,1650000,不明,1回,,0,"1回投与 2 億個 (1 億×2 回投与) 4 億個 (1 億×4 回投与) 幹細胞培養治療費 (初代培養・初回) 880,000 円 2,200,000 円 3,300,000 円 4,400,000 円 幹細胞培養治療費 (解凍培養・2回目) 770,000 円 1,650,000 円 2,640,000 円 3,520,000 円 4.キャンセル料/変更料 キャンセルや日程変更がある場合には下記のキャンセル料/変更料がかかります。 (1) 脂肪採取についてのキャンセル料(取りやめ)または変更料(採取手術日の変更) キャンセル料または変更料 脂肪採取日の3 営業日前より 治療費の10% (",
P00258,F0300,東京都,医療法人社団珠光会 HASUMI免疫クリニック,第二種,慢性筋骨格系疼痛の緩和を目的とした自己脂肪由来間葉系幹細胞治療（動脈投与）,QC,1.0,https://saiseiiryo.mhlw.go.jp/published_plan/download/02C2508036/5/0,2200000,不明,1 回,,0,"は 5各種装置 (CT/エコー)下による投与において生じる費用 が投与基本料の他に必要となります。 3000 万個×1 回投与 1億個×1回投与 2 億個 (1 億×2 回投与) 4 億個 (1 億×4 回投与) 幹細胞培養治療費 (初代培養・初回) 880,000 円 2,200,000 円 3,300,000 円 4,400,000 円 幹細胞培養治療費 (解凍培養・2回目) 770,000 円 1,650,000 円 2,640,000 円 3,520,000 円 4.キャンセル料/変更料 キャンセルや日程変更がある場合には下記のキャンセル料/変更料がかかります。 (1) 脂肪採取についての",
P00258,F0300,東京都,医療法人社団珠光会 HASUMI免疫クリニック,第二種,慢性筋骨格系疼痛の緩和を目的とした自己脂肪由来間葉系幹細胞治療（動脈投与）,QC,1.0,https://saiseiiryo.mhlw.go.jp/published_plan/download/02C2508036/5/0,3300000,不明,1 回,,0,"コー)下による投与において生じる費用 が投与基本料の他に必要となります。 3000 万個×1 回投与 1億個×1回投与 2 億個 (1 億×2 回投与) 4 億個 (1 億×4 回投与) 幹細胞培養治療費 (初代培養・初回) 880,000 円 2,200,000 円 3,300,000 円 4,400,000 円 幹細胞培養治療費 (解凍培養・2回目) 770,000 円 1,650,000 円 2,640,000 円 3,520,000 円 4.キャンセル料/変更料 キャンセルや日程変更がある場合には下記のキャンセル料/変更料がかかります。 (1) 脂肪採取についてのキャンセル料(取りやめ)ま",
P00258,F0300,東京都,医療法人社団珠光会 HASUMI免疫クリニック,第二種,慢性筋骨格系疼痛の緩和を目的とした自己脂肪由来間葉系幹細胞治療（動脈投与）,QC,1.0,https://saiseiiryo.mhlw.go.jp/published_plan/download/02C2508036/5/0,4400000,不明,1 回,,0,"生じる費用 が投与基本料の他に必要となります。 3000 万個×1 回投与 1億個×1回投与 2 億個 (1 億×2 回投与) 4 億個 (1 億×4 回投与) 幹細胞培養治療費 (初代培養・初回) 880,000 円 2,200,000 円 3,300,000 円 4,400,000 円 幹細胞培養治療費 (解凍培養・2回目) 770,000 円 1,650,000 円 2,640,000 円 3,520,000 円 4.キャンセル料/変更料 キャンセルや日程変更がある場合には下記のキャンセル料/変更料がかかります。 (1) 脂肪採取についてのキャンセル料(取りやめ)または変更料(採取手術日の変",
P00258,F0300,東京都,医療法人社団珠光会 HASUMI免疫クリニック,第二種,慢性筋骨格系疼痛の緩和を目的とした自己脂肪由来間葉系幹細胞治療（動脈投与）,QC,1.0,https://saiseiiryo.mhlw.go.jp/published_plan/download/02C2508036/5/0,2640000,不明,2 回,,-1,"(1 億×2 回投与) 4 億個 (1 億×4 回投与) 幹細胞培養治療費 (初代培養・初回) 880,000 円 2,200,000 円 3,300,000 円 4,400,000 円 幹細胞培養治療費 (解凍培養・2回目) 770,000 円 1,650,000 円 2,640,000 円 3,520,000 円 4.キャンセル料/変更料 キャンセルや日程変更がある場合には下記のキャンセル料/変更料がかかります。 (1) 脂肪採取についてのキャンセル料(取りやめ)または変更料(採取手術日の変更) キャンセル料または変更料 脂肪採取日の3 営業日前より 治療費の10% (2) 脂肪採取後の本療法の",
P00258,F0300,東京都,医療法人社団珠光会 HASUMI免疫クリニック,第二種,慢性筋骨格系疼痛の緩和を目的とした自己脂肪由来間葉系幹細胞治療（動脈投与）,QC,1.0,https://saiseiiryo.mhlw.go.jp/published_plan/download/02C2508036/5/0,3520000,不明,4 回,,-1,"4 億個 (1 億×4 回投与) 幹細胞培養治療費 (初代培養・初回) 880,000 円 2,200,000 円 3,300,000 円 4,400,000 円 幹細胞培養治療費 (解凍培養・2回目) 770,000 円 1,650,000 円 2,640,000 円 3,520,000 円 4.キャンセル料/変更料 キャンセルや日程変更がある場合には下記のキャンセル料/変更料がかかります。 (1) 脂肪採取についてのキャンセル料(取りやめ)または変更料(採取手術日の変更) キャンセル料または変更料 脂肪採取日の3 営業日前より 治療費の10% (2) 脂肪採取後の本療法のキャンセル料(本療法の取り",
P00258,F0300,東京都,医療法人社団珠光会 HASUMI免疫クリニック,第二種,慢性筋骨格系疼痛の緩和を目的とした自己脂肪由来間葉系幹細胞治療（動脈投与）,QC,1.0,https://saiseiiryo.mhlw.go.jp/published_plan/download/02C2508036/5/0,38500,不明,1 回,,-3,"営業日前より 治療費の10% (2) 脂肪採取後の本療法のキャンセル料(本療法の取りやめ) キャンセル料 脂肪採取後 治療費の100% (3) 細胞投与日の変更についての日程変更料 変更料 投与予定日の3営業日前まで 0 円 投与予定日の2営業日前より当日 38,500 円 HASUMI 免疫クリニック 01-06 10 5.各種装置(CT/エコー)下による投与において生じる費用 局所投与や動脈投与でエコー・ CT などの装置を用いる場合については、1 回の投与あたり下記の費用(装 置の使用料を含む)が追加で必要です。 これらの費用が、患者様の治療計画に基づき発生する場合には、本書別",
P00259,F0300,東京都,医療法人社団珠光会 HASUMI免疫クリニック,第二種,慢性筋骨格系疼痛の緩和を目的とした自己脂肪由来間葉系幹細胞治療（局所投与）,QC,1.0,https://saiseiiryo.mhlw.go.jp/published_plan/download/02C2508058/5/0,2750,不明,,,5,"、本書別紙4「治療計画・治療費用概算書」 に記載いたします。 処置費用(装置の使用料を含む) エコー下による投与 29,700 円 CT 下による投与 104,700 円 6.再診料 [5,500 円/回] フォローアップの血液検査(生化学/血球数算定検査)を行う費用(2,750 円)については別途必要です。 また、必要に応じて血液検査の他に検査項目が追加されることがあります。 細胞投与後は、投与後およそ1・3・6・12 か月にご来院いただきますよう、お願い申し上げます。 上記1~6の料金に加え、海外からの患者様には追加の料金がかかることがあります。 以上 HASUMI 免疫クリニック 01-",
P00259,F0300,東京都,医療法人社団珠光会 HASUMI免疫クリニック,第二種,慢性筋骨格系疼痛の緩和を目的とした自己脂肪由来間葉系幹細胞治療（局所投与）,QC,1.0,https://saiseiiryo.mhlw.go.jp/published_plan/download/02C2508058/5/0,5500,不明,,,5,"を含む)が追加で必要です。 これらの費用が、患者様の治療計画に基づき発生する場合には、本書別紙4「治療計画・治療費用概算書」 に記載いたします。 処置費用(装置の使用料を含む) エコー下による投与 29,700 円 CT 下による投与 104,700 円 6.再診料 [5,500 円/回] フォローアップの血液検査(生化学/血球数算定検査)を行う費用(2,750 円)については別途必要です。 また、必要に応じて血液検査の他に検査項目が追加されることがあります。 細胞投与後は、投与後およそ1・3・6・12 か月にご来院いただきますよう、お願い申し上げます。 上記1~6の料金に加え、海外からの患者様には追",
P00259,F0300,東京都,医療法人社団珠光会 HASUMI免疫クリニック,第二種,慢性筋骨格系疼痛の緩和を目的とした自己脂肪由来間葉系幹細胞治療（局所投与）,QC,1.0,https://saiseiiryo.mhlw.go.jp/published_plan/download/02C2508058/5/0,29700,不明,1 回,,5,"CT などの装置を用いる場合については、1 回の投与あたり下記の費用(装 置の使用料を含む)が追加で必要です。 これらの費用が、患者様の治療計画に基づき発生する場合には、本書別紙4「治療計画・治療費用概算書」 に記載いたします。 処置費用(装置の使用料を含む) エコー下による投与 29,700 円 CT 下による投与 104,700 円 6.再診料 [5,500 円/回] フォローアップの血液検査(生化学/血球数算定検査)を行う費用(2,750 円)については別途必要です。 また、必要に応じて血液検査の他に検査項目が追加されることがあります。 細胞投与後は、投与後およそ1・3・6・12 か月にご来院いただきます",
P00259,F0300,東京都,医療法人社団珠光会 HASUMI免疫クリニック,第二種,慢性筋骨格系疼痛の緩和を目的とした自己脂肪由来間葉系幹細胞治療（局所投与）,QC,1.0,https://saiseiiryo.mhlw.go.jp/published_plan/download/02C2508058/5/0,104700,不明,1 回,,5,"1 回の投与あたり下記の費用(装 置の使用料を含む)が追加で必要です。 これらの費用が、患者様の治療計画に基づき発生する場合には、本書別紙4「治療計画・治療費用概算書」 に記載いたします。 処置費用(装置の使用料を含む) エコー下による投与 29,700 円 CT 下による投与 104,700 円 6.再診料 [5,500 円/回] フォローアップの血液検査(生化学/血球数算定検査)を行う費用(2,750 円)については別途必要です。 また、必要に応じて血液検査の他に検査項目が追加されることがあります。 細胞投与後は、投与後およそ1・3・6・12 か月にご来院いただきますよう、お願い申し上げます。 上記1",
P00259,F0300,東京都,医療法人社団珠光会 HASUMI免疫クリニック,第二種,慢性筋骨格系疼痛の緩和を目的とした自己脂肪由来間葉系幹細胞治療（局所投与）,QC,1.0,https://saiseiiryo.mhlw.go.jp/published_plan/download/02C2508058/5/0,11000,税込,,,3,"益になるようなことはございません。一度ご同意いただいた後にその同意を撤回(本療法の 取りやめ)することもできます。ご不明な点は担当医師にお尋ねください。 HASUMI 免疫クリニック 01-06 9 治療料金表 (税込) 1.外来初診料 [11,000 円] 問診(痛みの評価等および医師とのカウンセリング)の料金が含まれています。 2. 事前検査の料金 [15,400 円] 感染症の検査※・血液検査(生化学/血球数算定検査)・心電図・CAVI 検査などの料金が含まれています。 (※HIV 抗原・抗体同時定性、HCV 抗体/CLEIA、HBs 抗原/CLIA、HBe 抗",
P00259,F0300,東京都,医療法人社団珠光会 HASUMI免疫クリニック,第二種,慢性筋骨格系疼痛の緩和を目的とした自己脂肪由来間葉系幹細胞治療（局所投与）,QC,1.0,https://saiseiiryo.mhlw.go.jp/published_plan/download/02C2508058/5/0,15400,税込,,,3,"お尋ねください。 HASUMI 免疫クリニック 01-06 9 治療料金表 (税込) 1.外来初診料 [11,000 円] 問診(痛みの評価等および医師とのカウンセリング)の料金が含まれています。 2. 事前検査の料金 [15,400 円] 感染症の検査※・血液検査(生化学/血球数算定検査)・心電図・CAVI 検査などの料金が含まれています。 (※HIV 抗原・抗体同時定性、HCV 抗体/CLEIA、HBs 抗原/CLIA、HBe 抗原/CLIA、HTLV1 抗体 CLIA 、梅毒RPR 法定性、梅毒TPHA 定性、マイコプラズマ抗体半定量/PA) 3.治療",
P00259,F0300,東京都,医療法人社団珠光会 HASUMI免疫クリニック,第二種,慢性筋骨格系疼痛の緩和を目的とした自己脂肪由来間葉系幹細胞治療（局所投与）,QC,1.0,https://saiseiiryo.mhlw.go.jp/published_plan/download/02C2508058/5/0,770000,不明,1 回,,0,"1 回投与 1億個×1回投与 2 億個 (1 億×2 回投与) 4 億個 (1 億×4 回投与) 幹細胞培養治療費 (初代培養・初回) 880,000 円 2,200,000 円 3,300,000 円 4,400,000 円 幹細胞培養治療費 (解凍培養・2回目) 770,000 円 1,650,000 円 2,640,000 円 3,520,000 円 4.キャンセル料/変更料 キャンセルや日程変更がある場合には下記のキャンセル料/変更料がかかります。 (1) 脂肪採取についてのキャンセル料(取りやめ)または変更料(採取手術日の変更) キャンセル料または変更料 脂肪採取日の3 営業日前より",
P00259,F0300,東京都,医療法人社団珠光会 HASUMI免疫クリニック,第二種,慢性筋骨格系疼痛の緩和を目的とした自己脂肪由来間葉系幹細胞治療（局所投与）,QC,1.0,https://saiseiiryo.mhlw.go.jp/published_plan/download/02C2508058/5/0,880000,不明,1 回,,0,"よる処置が必要な場合には 5各種装置 (CT/エコー)下による投与において生じる費用 が投与基本料の他に必要となります。 3000 万個×1 回投与 1億個×1回投与 2 億個 (1 億×2 回投与) 4 億個 (1 億×4 回投与) 幹細胞培養治療費 (初代培養・初回) 880,000 円 2,200,000 円 3,300,000 円 4,400,000 円 幹細胞培養治療費 (解凍培養・2回目) 770,000 円 1,650,000 円 2,640,000 円 3,520,000 円 4.キャンセル料/変更料 キャンセルや日程変更がある場合には下記のキャンセル料/変更料がかかります。",
P00259,F0300,東京都,医療法人社団珠光会 HASUMI免疫クリニック,第二種,慢性筋骨格系疼痛の緩和を目的とした自己脂肪由来間葉系幹細胞治療（局所投与）,QC,1.0,https://saiseiiryo.mhlw.go.jp/published_plan/download/02C2508058/5/0,1650000,不明,1回,,0,"1回投与 2 億個 (1 億×2 回投与) 4 億個 (1 億×4 回投与) 幹細胞培養治療費 (初代培養・初回) 880,000 円 2,200,000 円 3,300,000 円 4,400,000 円 幹細胞培養治療費 (解凍培養・2回目) 770,000 円 1,650,000 円 2,640,000 円 3,520,000 円 4.キャンセル料/変更料 キャンセルや日程変更がある場合には下記のキャンセル料/変更料がかかります。 (1) 脂肪採取についてのキャンセル料(取りやめ)または変更料(採取手術日の変更) キャンセル料または変更料 脂肪採取日の3 営業日前より 治療費の10% (",
P00259,F0300,東京都,医療法人社団珠光会 HASUMI免疫クリニック,第二種,慢性筋骨格系疼痛の緩和を目的とした自己脂肪由来間葉系幹細胞治療（局所投与）,QC,1.0,https://saiseiiryo.mhlw.go.jp/published_plan/download/02C2508058/5/0,2200000,不明,1 回,,0,"は 5各種装置 (CT/エコー)下による投与において生じる費用 が投与基本料の他に必要となります。 3000 万個×1 回投与 1億個×1回投与 2 億個 (1 億×2 回投与) 4 億個 (1 億×4 回投与) 幹細胞培養治療費 (初代培養・初回) 880,000 円 2,200,000 円 3,300,000 円 4,400,000 円 幹細胞培養治療費 (解凍培養・2回目) 770,000 円 1,650,000 円 2,640,000 円 3,520,000 円 4.キャンセル料/変更料 キャンセルや日程変更がある場合には下記のキャンセル料/変更料がかかります。 (1) 脂肪採取についての",
P00259,F0300,東京都,医療法人社団珠光会 HASUMI免疫クリニック,第二種,慢性筋骨格系疼痛の緩和を目的とした自己脂肪由来間葉系幹細胞治療（局所投与）,QC,1.0,https://saiseiiryo.mhlw.go.jp/published_plan/download/02C2508058/5/0,3300000,不明,1 回,,0,"コー)下による投与において生じる費用 が投与基本料の他に必要となります。 3000 万個×1 回投与 1億個×1回投与 2 億個 (1 億×2 回投与) 4 億個 (1 億×4 回投与) 幹細胞培養治療費 (初代培養・初回) 880,000 円 2,200,000 円 3,300,000 円 4,400,000 円 幹細胞培養治療費 (解凍培養・2回目) 770,000 円 1,650,000 円 2,640,000 円 3,520,000 円 4.キャンセル料/変更料 キャンセルや日程変更がある場合には下記のキャンセル料/変更料がかかります。 (1) 脂肪採取についてのキャンセル料(取りやめ)ま",
P00259,F0300,東京都,医療法人社団珠光会 HASUMI免疫クリニック,第二種,慢性筋骨格系疼痛の緩和を目的とした自己脂肪由来間葉系幹細胞治療（局所投与）,QC,1.0,https://saiseiiryo.mhlw.go.jp/published_plan/download/02C2508058/5/0,4400000,不明,1 回,,0,"生じる費用 が投与基本料の他に必要となります。 3000 万個×1 回投与 1億個×1回投与 2 億個 (1 億×2 回投与) 4 億個 (1 億×4 回投与) 幹細胞培養治療費 (初代培養・初回) 880,000 円 2,200,000 円 3,300,000 円 4,400,000 円 幹細胞培養治療費 (解凍培養・2回目) 770,000 円 1,650,000 円 2,640,000 円 3,520,000 円 4.キャンセル料/変更料 キャンセルや日程変更がある場合には下記のキャンセル料/変更料がかかります。 (1) 脂肪採取についてのキャンセル料(取りやめ)または変更料(採取手術日の変",
P00259,F0300,東京都,医療法人社団珠光会 HASUMI免疫クリニック,第二種,慢性筋骨格系疼痛の緩和を目的とした自己脂肪由来間葉系幹細胞治療（局所投与）,QC,1.0,https://saiseiiryo.mhlw.go.jp/published_plan/download/02C2508058/5/0,2640000,不明,2 回,,-1,"(1 億×2 回投与) 4 億個 (1 億×4 回投与) 幹細胞培養治療費 (初代培養・初回) 880,000 円 2,200,000 円 3,300,000 円 4,400,000 円 幹細胞培養治療費 (解凍培養・2回目) 770,000 円 1,650,000 円 2,640,000 円 3,520,000 円 4.キャンセル料/変更料 キャンセルや日程変更がある場合には下記のキャンセル料/変更料がかかります。 (1) 脂肪採取についてのキャンセル料(取りやめ)または変更料(採取手術日の変更) キャンセル料または変更料 脂肪採取日の3 営業日前より 治療費の10% (2) 脂肪採取後の本療法の",
P00259,F0300,東京都,医療法人社団珠光会 HASUMI免疫クリニック,第二種,慢性筋骨格系疼痛の緩和を目的とした自己脂肪由来間葉系幹細胞治療（局所投与）,QC,1.0,https://saiseiiryo.mhlw.go.jp/published_plan/download/02C2508058/5/0,3520000,不明,4 回,,-1,"4 億個 (1 億×4 回投与) 幹細胞培養治療費 (初代培養・初回) 880,000 円 2,200,000 円 3,300,000 円 4,400,000 円 幹細胞培養治療費 (解凍培養・2回目) 770,000 円 1,650,000 円 2,640,000 円 3,520,000 円 4.キャンセル料/変更料 キャンセルや日程変更がある場合には下記のキャンセル料/変更料がかかります。 (1) 脂肪採取についてのキャンセル料(取りやめ)または変更料(採取手術日の変更) キャンセル料または変更料 脂肪採取日の3 営業日前より 治療費の10% (2) 脂肪採取後の本療法のキャンセル料(本療法の取り",
P00259,F0300,東京都,医療法人社団珠光会 HASUMI免疫クリニック,第二種,慢性筋骨格系疼痛の緩和を目的とした自己脂肪由来間葉系幹細胞治療（局所投与）,QC,1.0,https://saiseiiryo.mhlw.go.jp/published_plan/download/02C2508058/5/0,38500,不明,1 回,,-3,"営業日前より 治療費の10% (2) 脂肪採取後の本療法のキャンセル料(本療法の取りやめ) キャンセル料 脂肪採取後 治療費の100% (3) 細胞投与日の変更についての日程変更料 変更料 投与予定日の3営業日前まで 0 円 投与予定日の2営業日前より当日 38,500 円 HASUMI 免疫クリニック 01-06 10 5.各種装置(CT/エコー)下による投与において生じる費用 局所投与や動脈投与でエコー・ CT などの装置を用いる場合については、1 回の投与あたり下記の費用(装 置の使用料を含む)が追加で必要です。 これらの費用が、患者様の治療計画に基づき発生する場合には、本書別",
P00326,F0303,東京都,医療法人社団白慈会 白金坂の上診療所,第二種,自家培養脂肪由来幹細胞を用いた変形性関節症の治療,QC,1.0,https://saiseiiryo.mhlw.go.jp/published_plan/download/01C2502046/5/0,,,,,,,Document fetched but no price candidate
P00325,F0304,東京都,医療法人社団白鳳会 大角医院,第二種,多血小板血漿（PRP）を用いた変形性関節症治療,AUTO,0.952,https://saiseiiryo.mhlw.go.jp/published_plan/download/01C1903021/5/0,150000,税別,,APS|GPS|Zimmer,8,"を特定できる内容が使われることはありません。 治療にかかる費用について この治療は公的保険の対象ではありませんので、当院の所定の施術料をお支払いいただきます。 ZIMMER BIOMET 製 GPS®IIIシステム使用 150,000 円(税抜) ZIMMER BIOMET 製 APS キット使用 300,000 円(税抜) 上記費用は一例です。治療費は変動する可能性がございます。 血液の加工開始後に同意の撤回があった場合にはその加工にかかる医療材料等の費用をご負担いた だきます。 その他詳細やご不明な点は医師・スタッフまでお気軽にお尋ねください。 施術",
P00325,F0304,東京都,医療法人社団白鳳会 大角医院,第二種,多血小板血漿（PRP）を用いた変形性関節症治療,AUTO,0.952,https://saiseiiryo.mhlw.go.jp/published_plan/download/01C1903021/5/0,300000,税別,,APS|GPS|Zimmer,8,"この治療は公的保険の対象ではありませんので、当院の所定の施術料をお支払いいただきます。 ZIMMER BIOMET 製 GPS®IIIシステム使用 150,000 円(税抜) ZIMMER BIOMET 製 APS キット使用 300,000 円(税抜) 上記費用は一例です。治療費は変動する可能性がございます。 血液の加工開始後に同意の撤回があった場合にはその加工にかかる医療材料等の費用をご負担いた だきます。 その他詳細やご不明な点は医師・スタッフまでお気軽にお尋ねください。 施術後、患者様の個人的な事情及び金銭等に関する問題に関しては一切の責任を負いかねますの",
P00327,F0306,東京都,医療法人社団研裕会 紀尾井町プラザクリニック歯科・美容外科,第二種,多増殖因子血漿（PRGF）を用いた変形性関節症・関節炎治療,AUTO,1.0,https://saiseiiryo.mhlw.go.jp/published_plan/download/01C2505020/5/0,165000,税込,1回,,9,"37-6701(24 時間) 14.当該再生医療等の実施に係る費用に関する事項 ☐ 今回提供する医療は、患者様の自己血を無償にてご提供いただいた上で実施されます。 また、保険適用のない自由診療の扱いとなり、同時に処方いたします化膿止め、鎮痛 剤、洗口剤も同様の扱いとなります。費用は1回の治療当り165,000 円(税込)とな りますが、治療に要する特定細胞加工物の量により費用は変動いたします。 そのため具体的な費用については、別途見積もりをご確認ください。 15.他の治療法の有無及び内容並びに他の治療法により予期される利益及び不利益との比 較 ☐ PRGF 療法の治療を選択されない場合には、従来の一般療法にて治療を受けることが",
P00275,F0319,東京都,医療法人社団青泉会 下北沢病院,第二種,自己脂肪由来幹細胞を用いた変形性関節症の治療,QC,1.0,https://saiseiiryo.mhlw.go.jp/published_plan/download/03C2511011/5/0,1500000,税込,1 回,,-2,療に 必要な検査などの費用は全額自己負担となります。 1_07 説明文書・同意文書 -5- 治療費は、治療に用いる細胞の準備を開始する際、前もっていただいております。 【料金表】 項目 料金(税込) 初回診察料および検査料 5万5千円 治療費(1 回投与につき) 100~150万円 (関節の大きさや個所数によって決まります) 例) 膝関節1ヵ所の場合 : 5万5千円+150万円=155万5千円 なお、脂肪採取予定日や細胞投与予定日の直前に治療を中止した場合、細胞培養を委託してい る施設や搬送業者のキャンセル料が発生している場合がございます。患者さまのご都合により治療 を中止された場合は、当院の定め,
P00276,F0320,東京都,医療法人社団順公会 佐藤整形外科,第二種,自己多血小板血漿（PRP）療法（外傷性関節炎・変形性関節症）,QC,1.0,https://saiseiiryo.mhlw.go.jp/published_plan/download/02C2512064/5/0,,,,,,,Document fetched but no price candidate
P00277,F0321,東京都,医療法人社団順永会 目黒さこだ整形外科,第二種,自己多血小板血漿（PRP）療法（外傷後関節炎・変形性関節症）,QC,1.0,https://saiseiiryo.mhlw.go.jp/published_plan/download/01C2603045/5/0,3300,税込,1回,,1,"す。 PRPを用いた投与1回分(1部位) 55,000円(税込) ※投与3回行った場合、1回55,000円×3回=165,000円となります。 ただし、2回目及び3回目の採血はございません。 ※本治療では必要に応じ、検査を行い、PRP治療を行うか判断いた します。 検査を行った場合の費用は、3,300円~11,000円の範囲で別途ご負 担いただきます。 【本治療キャンセル時の費用】 期間 キャンセル費用 同意~採血前 全額返金いたします (採血予定日を変更される場合に、費用3,300円(税込)を請求す る場合がございます) 採血後 投与1回分の費用55,000円(税込)をご負担いただきます 投与2回目以降、 投与予定時刻24時間以内(休",
P00277,F0321,東京都,医療法人社団順永会 目黒さこだ整形外科,第二種,自己多血小板血漿（PRP）療法（外傷後関節炎・変形性関節症）,QC,1.0,https://saiseiiryo.mhlw.go.jp/published_plan/download/01C2603045/5/0,11000,税込,1回,,1,"を用いた投与1回分(1部位) 55,000円(税込) ※投与3回行った場合、1回55,000円×3回=165,000円となります。 ただし、2回目及び3回目の採血はございません。 ※本治療では必要に応じ、検査を行い、PRP治療を行うか判断いた します。 検査を行った場合の費用は、3,300円~11,000円の範囲で別途ご負 担いただきます。 【本治療キャンセル時の費用】 期間 キャンセル費用 同意~採血前 全額返金いたします (採血予定日を変更される場合に、費用3,300円(税込)を請求す る場合がございます) 採血後 投与1回分の費用55,000円(税込)をご負担いただきます 投与2回目以降、 投与予定時刻24時間以内(休診日・休診時間を",
P00277,F0321,東京都,医療法人社団順永会 目黒さこだ整形外科,第二種,自己多血小板血漿（PRP）療法（外傷後関節炎・変形性関節症）,QC,1.0,https://saiseiiryo.mhlw.go.jp/published_plan/download/01C2603045/5/0,55000,税込,1回,,1,"めの採血にかかる費用、PRP調製費用、 投与にかかる費用が含まれております。なお、本治療は1回の採血 (60mL)につき、投与3回分(各投与約5mL、最大で約15mL)の PRPを製造いたします。両側(左右)同時に投与する場合は、投与 2回分となります。 PRPを用いた投与1回分(1部位) 55,000円(税込) ※投与3回行った場合、1回55,000円×3回=165,000円となります。 ただし、2回目及び3回目の採血はございません。 ※本治療では必要に応じ、検査を行い、PRP治療を行うか判断いた します。 検査を行った場合の費用は、3,300円~11,000円の範囲で別途ご負 担いただきます。 【本治療キャンセル時の費用】 期間 キャ",
P00277,F0321,東京都,医療法人社団順永会 目黒さこだ整形外科,第二種,自己多血小板血漿（PRP）療法（外傷後関節炎・変形性関節症）,QC,1.0,https://saiseiiryo.mhlw.go.jp/published_plan/download/01C2603045/5/0,165000,税込,1回,,1,"す。なお、本治療は1回の採血 (60mL)につき、投与3回分(各投与約5mL、最大で約15mL)の PRPを製造いたします。両側(左右)同時に投与する場合は、投与 2回分となります。 PRPを用いた投与1回分(1部位) 55,000円(税込) ※投与3回行った場合、1回55,000円×3回=165,000円となります。 ただし、2回目及び3回目の採血はございません。 ※本治療では必要に応じ、検査を行い、PRP治療を行うか判断いた します。 検査を行った場合の費用は、3,300円~11,000円の範囲で別途ご負 担いただきます。 【本治療キャンセル時の費用】 期間 キャンセル費用 同意~採血前 全額返金いたします (採血予定日を変更される場合",
P00278,F0323,東京都,医療法人社団高賢会 安田整形外科,第二種,自家多血小板血漿（PRP）を用いた変形性関節症に対する治療,AUTO,1.0,https://saiseiiryo.mhlw.go.jp/published_plan/download/03C2409018/5/0,99000,不明,1 回,APS,7,"われている 自己血由来のため比較 的低いと言われている 品質管理されており安 全性は高いが、アレルギ ー反応などの可能性は 完全には否定できない 治療にかかる費用について この治療は公的保険の対象ではありませんので、当施設にて施術料をお支払いいただきます。 ・PRP 療法 1 回 99,000 円 (すべて込み) ・APS 療法 1 回 143,000 円 (すべて込み) ※患者様の症状により施術料が変わる場合は別途、ご説明いたします。 その他治療についての注意事項 患者様の体調が良くない場合や、採取した血液の状態によっては、PRP を分離できないこと があります",
P00278,F0323,東京都,医療法人社団高賢会 安田整形外科,第二種,自家多血小板血漿（PRP）を用いた変形性関節症に対する治療,AUTO,1.0,https://saiseiiryo.mhlw.go.jp/published_plan/download/03C2409018/5/0,143000,不明,1 回,APS,7,"質管理されており安 全性は高いが、アレルギ ー反応などの可能性は 完全には否定できない 治療にかかる費用について この治療は公的保険の対象ではありませんので、当施設にて施術料をお支払いいただきます。 ・PRP 療法 1 回 99,000 円 (すべて込み) ・APS 療法 1 回 143,000 円 (すべて込み) ※患者様の症状により施術料が変わる場合は別途、ご説明いたします。 その他治療についての注意事項 患者様の体調が良くない場合や、採取した血液の状態によっては、PRP を分離できないこと があります。 その際には、再度採血をさせていただく場合があります。",
P00260,F0310,東京都,医療法人美喜有会 リペアセルクリニック 東京院,第二種,自己脂肪由来幹細胞を用いた変形性関節症の治療,AUTO,1.0,https://saiseiiryo.mhlw.go.jp/published_plan/download/02C2604060/5/0,1320000,税込,1回,,9,"管理 者(院長)へと報告し対応します。 再生医療事務局 電話番号:03-5473-3030 13.費用について 本治療は保険適用外であるため、治療にかかる費用全額をお支払い いただきます。その他、本治療を受けるために必要となった旅費、 交通費などの全ての費用も同様です。 本治療にかかる費用は1回 1,320,000円(税込)です。 同意を撤回された場合など、同意を撤回される時点までに発生した 費用(治療費等)については、ご負担いただきますのでご了承くだ さい。 14.他の治療法の有無、本治療法との比較について 変形性関節症の治療法には保存療法と手術療法の2つの方法があり ます。薬物投与、装具装着、リハビリテーションなどの保存療法で 効果がない場合は、",
P00261,F0310,東京都,医療法人美喜有会 リペアセルクリニック 東京院,第二種,自己脂肪由来幹細胞と自己前骨分化誘導培養上清液を用いた変形性関節症の治療,AUTO,1.0,https://saiseiiryo.mhlw.go.jp/published_plan/download/02C2604065/5/0,1870000,税込,1回,,9,"理者 (院長)へと報告し対応します。 再生医療事務局 電話番号:03-5473-3030 13.費用について 本治療は保険適用外であるため、治療にかかる費用全額をお支払い いただきます。 その他、本治療を受けるために必要となった旅費、交通費などの全 ての費用も同様です。 本治療にかかる費用は1回 1,870,000円(税込)です。 同意を撤回された場合など、同意を撤回される時点までに発生した 費用(治療費等)については、ご負担いただきますのでご了承くだ さい。 14.他の治療法の有無、本治療法との比較について 変形性関節症の治療法には保存療法と手術療法の2つの方法があり ます。 薬物投与、装具装着、リハビリテーションなどの保存療法で効果が ない場合は",
P00262,F0310,東京都,医療法人美喜有会 リペアセルクリニック 東京院,第二種,自家多血小板血漿を用いた変形性関節症の治療,AUTO,1.0,https://saiseiiryo.mhlw.go.jp/published_plan/download/02C2604067/5/0,165000,税込,1回,,9,"管理 者(院長)へと報告し対応します。 再生医療事務局 電話番号:03-5473-3030 13.費用について 本治療は保険適用外であるため、治療にかかる費用全額をお支払い いただきます。その他、本治療を受けるために必要となった旅費、 交通費などの全ての費用も同様です。 治療に必要となる費用は1回 165,000円(税込)です。 同意を撤回された場合など、同意を撤回される時点までに発生した 費用(治療費等)については、ご負担いただきますのでご了承くだ さい。 14.他の治療法の有無、本治療法との比較について 変形性関節症の治療法には保存療法と手術療法の2つの方法があり ます。薬物投与、装具装着、リハビリテーションなどの保存療法で 効果がない場合は",
P00263,F0277,東京都,慶愛クリニック,第二種,自家脂肪組織由来幹細胞（ASC）の投与による関節治療,AUTO,1.0,https://saiseiiryo.mhlw.go.jp/published_plan/download/01C2408012/5/0,1100000,税込,1 回,,8,"料をお支払いいただきま す。治療にかかる費用につきましては以下の表をご参照ください(治療部位による費用の違 いはございません)。ご不明な点は医師・スタッフにお尋ねください。なお1 回の施術あたり の費用は、患部の状態を確認した医師の判断等により変更となる場合がございます。 初回価格 1 関節 1,100,000 円(税込) 自家脂肪組織由来幹細胞(ASC)の投与による関節治療に対する説明書・同意書 7 初回投与で使用されなかった自家ASC は、当院の液体窒素保存容器の中で、適切な管理の もと凍結保管されます。投与可能な量の自家ASC が残っている場合、患者さまのご希望に より、以下の施術料にて2 回目以降の投与が可能です。保管される",
P00263,F0277,東京都,慶愛クリニック,第二種,自家脂肪組織由来幹細胞（ASC）の投与による関節治療,AUTO,1.0,https://saiseiiryo.mhlw.go.jp/published_plan/download/01C2408012/5/0,44000,税込,2回,,6,"れる自家ASC 量は、培養時 の細胞の状態や投与量により異なりますので、詳細は医師・スタッフにお尋ねください。 2回目の価格 1 関節 110,000 円(税込) 脂肪組織を採取してから1 年以上を経過した後も自家ASC の保管を行う場合は、1 年間延 長するごとに保管費用として別途44,000 円(税込)ご負担いただきます。保管期限は最長 3 年間です。 12. 治療を受けることを拒否することについて この治療を受けるか拒否するかは、ご自身の自由な意思でお決めください。説明を受けた後 に同意されない場合でも、不利益を受けることは一切ありません。また同様に、治療を受け ることに同意した場合であっても、投与までの間でしたら",
P00263,F0277,東京都,慶愛クリニック,第二種,自家脂肪組織由来幹細胞（ASC）の投与による関節治療,AUTO,1.0,https://saiseiiryo.mhlw.go.jp/published_plan/download/01C2408012/5/0,110000,税込,2 回,,6,"な管理の もと凍結保管されます。投与可能な量の自家ASC が残っている場合、患者さまのご希望に より、以下の施術料にて2 回目以降の投与が可能です。保管される自家ASC 量は、培養時 の細胞の状態や投与量により異なりますので、詳細は医師・スタッフにお尋ねください。 2回目の価格 1 関節 110,000 円(税込) 脂肪組織を採取してから1 年以上を経過した後も自家ASC の保管を行う場合は、1 年間延 長するごとに保管費用として別途44,000 円(税込)ご負担いただきます。保管期限は最長 3 年間です。 12. 治療を受けることを拒否することについて この治療を受けるか拒否するかは、ご自身の自由な意思でお決めください。",
P00299,F0278,東京都,慶應義塾大学病院,第三種,自己多血小板血漿（PRP）を用いた靭帯・腱・腱付着部・筋肉の損傷に対する治療,AUTO,1.0,https://saiseiiryo.mhlw.go.jp/published_plan/download/02C2605040/5/0,120000,税別,1回,,9,"か かる費用、注入に対する痛み止め2日分の総額です。また、一度の治療で左右両 側に投与する場合は、下記の1回分の2倍(2回分)の費用がかかります。 ! 白血球をほとんど含まないPRP 治療1回(1 部位) 270,000 円(税抜) ! 白血球を含むPRP 治療1回(1 部位) 120,000 円(税抜) (3) 採血後やPRP 調製後に本治療への同意を撤回され、治療を中止する場合は、それ 第1.4 版 2025 年9 月10 日作成 9 までにかかった費用(採血後からPRP 調製前までの同意撤回:診査料+採血料、 PRP 調製後の同意撤回:診査料+採血料+PRP 調製料)として、以下のキャンセ ル費をご負担いただきます。",
P00299,F0278,東京都,慶應義塾大学病院,第三種,自己多血小板血漿（PRP）を用いた靭帯・腱・腱付着部・筋肉の損傷に対する治療,AUTO,1.0,https://saiseiiryo.mhlw.go.jp/published_plan/download/02C2605040/5/0,270000,税別,1回,,9,"医師に係る 費用(診査料)、PRP 調製のための採血にかかる費用、PRP 調製費用、注入にか かる費用、注入に対する痛み止め2日分の総額です。また、一度の治療で左右両 側に投与する場合は、下記の1回分の2倍(2回分)の費用がかかります。 ! 白血球をほとんど含まないPRP 治療1回(1 部位) 270,000 円(税抜) ! 白血球を含むPRP 治療1回(1 部位) 120,000 円(税抜) (3) 採血後やPRP 調製後に本治療への同意を撤回され、治療を中止する場合は、それ 第1.4 版 2025 年9 月10 日作成 9 までにかかった費用(採血後からPRP 調製前までの同意撤回:診査料+採血料、 PRP 調製後の同",
P00299,F0278,東京都,慶應義塾大学病院,第三種,自己多血小板血漿（PRP）を用いた靭帯・腱・腱付着部・筋肉の損傷に対する治療,AUTO,1.0,https://saiseiiryo.mhlw.go.jp/published_plan/download/02C2605040/5/0,50000,税別,,,0,"日作成 9 までにかかった費用(採血後からPRP 調製前までの同意撤回:診査料+採血料、 PRP 調製後の同意撤回:診査料+採血料+PRP 調製料)として、以下のキャンセ ル費をご負担いただきます。 【キャンセル費】 ! 白血球をほとんど含まないPRP 治療: 採血後(PRP 調製前):50,000 円(税抜)、PRP 調製後:250,000 円(税抜) ! 白血球を含むPRP 治療: 採血後(PRP 調製前):50,000 円(税抜)、PRP 調製後:100,000 円(税抜) (4) PRP が規格を満たさず、投与できなかった場合には、採血までにかかった費用(診 査料+採血料)として、50,000 円(税抜)をご負担いただきま",
P00299,F0278,東京都,慶應義塾大学病院,第三種,自己多血小板血漿（PRP）を用いた靭帯・腱・腱付着部・筋肉の損傷に対する治療,AUTO,1.0,https://saiseiiryo.mhlw.go.jp/published_plan/download/02C2605040/5/0,100000,税別,,,0,"セ ル費をご負担いただきます。 【キャンセル費】 ! 白血球をほとんど含まないPRP 治療: 採血後(PRP 調製前):50,000 円(税抜)、PRP 調製後:250,000 円(税抜) ! 白血球を含むPRP 治療: 採血後(PRP 調製前):50,000 円(税抜)、PRP 調製後:100,000 円(税抜) (4) PRP が規格を満たさず、投与できなかった場合には、採血までにかかった費用(診 査料+採血料)として、50,000 円(税抜)をご負担いただきますのでご了承くだ さい。 10. 健康被害が発生した際の処置と補償について 本治療が原因で健康被害が生じた場合には、適切な処置を行います。また、本治療 が原因で重大な健康被",
P00299,F0278,東京都,慶應義塾大学病院,第三種,自己多血小板血漿（PRP）を用いた靭帯・腱・腱付着部・筋肉の損傷に対する治療,AUTO,1.0,https://saiseiiryo.mhlw.go.jp/published_plan/download/02C2605040/5/0,250000,税別,,,0,"後からPRP 調製前までの同意撤回:診査料+採血料、 PRP 調製後の同意撤回:診査料+採血料+PRP 調製料)として、以下のキャンセ ル費をご負担いただきます。 【キャンセル費】 ! 白血球をほとんど含まないPRP 治療: 採血後(PRP 調製前):50,000 円(税抜)、PRP 調製後:250,000 円(税抜) ! 白血球を含むPRP 治療: 採血後(PRP 調製前):50,000 円(税抜)、PRP 調製後:100,000 円(税抜) (4) PRP が規格を満たさず、投与できなかった場合には、採血までにかかった費用(診 査料+採血料)として、50,000 円(税抜)をご負担いただきますのでご了承くだ さい。 10. 健康被害",
P00264,F0278,東京都,慶應義塾大学病院,第二種,自己多血小板血漿（PRP）を用いた関節内組織損傷に対する治療,AUTO,1.0,https://saiseiiryo.mhlw.go.jp/published_plan/download/02C2605038/5/0,270000,税別,1回,,9,"かる費用、PRP 調製費用、注入にか かる費用、注入に対する痛み止め2日分の総額です。また、一度の治療で左右両 第1.4 版 2025 年9 月10 日作成 9 側に投与する場合は、下記の1回分の2倍(2回分)の費用がかかります。 ! 白血球をほとんど含まないPRP 治療1回(1 部位) 270,000 円(税抜) ! 白血球を含むPRP 治療1回(1 部位) 120,000 円(税抜) (3) 採血後やPRP 調製後に本治療への同意を撤回され、治療を中止する場合は、それ までにかかった費用(採血後からPRP 調製前までの同意撤回:診査料+採血料、 PRP 調製後の同意撤回:診査料+採血料+PRP 調製料)として、以下のキ",
P00264,F0278,東京都,慶應義塾大学病院,第二種,自己多血小板血漿（PRP）を用いた関節内組織損傷に対する治療,AUTO,1.0,https://saiseiiryo.mhlw.go.jp/published_plan/download/02C2605038/5/0,120000,税別,1回,,1,"、一度の治療で左右両 第1.4 版 2025 年9 月10 日作成 9 側に投与する場合は、下記の1回分の2倍(2回分)の費用がかかります。 ! 白血球をほとんど含まないPRP 治療1回(1 部位) 270,000 円(税抜) ! 白血球を含むPRP 治療1回(1 部位) 120,000 円(税抜) (3) 採血後やPRP 調製後に本治療への同意を撤回され、治療を中止する場合は、それ までにかかった費用(採血後からPRP 調製前までの同意撤回:診査料+採血料、 PRP 調製後の同意撤回:診査料+採血料+PRP 調製料)として、以下のキャンセ ル費をご負担いただきます。 【キャンセル費】 ! 白血球をほとんど含まないPR",
P00264,F0278,東京都,慶應義塾大学病院,第二種,自己多血小板血漿（PRP）を用いた関節内組織損傷に対する治療,AUTO,1.0,https://saiseiiryo.mhlw.go.jp/published_plan/download/02C2605038/5/0,50000,税別,,,0,"する場合は、それ までにかかった費用(採血後からPRP 調製前までの同意撤回:診査料+採血料、 PRP 調製後の同意撤回:診査料+採血料+PRP 調製料)として、以下のキャンセ ル費をご負担いただきます。 【キャンセル費】 ! 白血球をほとんど含まないPRP 治療: 採血後(PRP 調製前):50,000 円(税抜)、PRP 調製後:250,000 円(税抜) ! 白血球を含むPRP 治療: 採血後(PRP 調製前):50,000 円(税抜)、PRP 調製後:100,000 円(税抜) (4) PRP が規格を満たさず、投与できなかった場合には、採血までにかかった費用(診 査料+採血料)として、50,000 円(税抜)をご負担いただきま",
P00264,F0278,東京都,慶應義塾大学病院,第二種,自己多血小板血漿（PRP）を用いた関節内組織損傷に対する治療,AUTO,1.0,https://saiseiiryo.mhlw.go.jp/published_plan/download/02C2605038/5/0,100000,税別,,,0,"セ ル費をご負担いただきます。 【キャンセル費】 ! 白血球をほとんど含まないPRP 治療: 採血後(PRP 調製前):50,000 円(税抜)、PRP 調製後:250,000 円(税抜) ! 白血球を含むPRP 治療: 採血後(PRP 調製前):50,000 円(税抜)、PRP 調製後:100,000 円(税抜) (4) PRP が規格を満たさず、投与できなかった場合には、採血までにかかった費用(診 査料+採血料)として、50,000 円(税抜)をご負担いただきますのでご了承くだ さい。 10. 健康被害が発生した際の処置と補償について 本治療が原因で健康被害が生じた場合には、適切な処置を行います。また、本治療 が原因で重大な健康被",
P00264,F0278,東京都,慶應義塾大学病院,第二種,自己多血小板血漿（PRP）を用いた関節内組織損傷に対する治療,AUTO,1.0,https://saiseiiryo.mhlw.go.jp/published_plan/download/02C2605038/5/0,250000,税別,,,0,"後からPRP 調製前までの同意撤回:診査料+採血料、 PRP 調製後の同意撤回:診査料+採血料+PRP 調製料)として、以下のキャンセ ル費をご負担いただきます。 【キャンセル費】 ! 白血球をほとんど含まないPRP 治療: 採血後(PRP 調製前):50,000 円(税抜)、PRP 調製後:250,000 円(税抜) ! 白血球を含むPRP 治療: 採血後(PRP 調製前):50,000 円(税抜)、PRP 調製後:100,000 円(税抜) (4) PRP が規格を満たさず、投与できなかった場合には、採血までにかかった費用(診 査料+採血料)として、50,000 円(税抜)をご負担いただきますのでご了承くだ さい。 10. 健康被害",
P00265,F0282,東京都,新柴又駅前広場クリニック,第二種,変形性関節症を対象とした自家多血小板血漿（PRP）注入療法,AUTO,1.0,https://saiseiiryo.mhlw.go.jp/published_plan/download/01C2510033/5/0,50000,税込,1 回,,9,"されない自由診療です。そのため、患者様の費用負担が 他の治療よりも高額になることがあります。当院において実施される本治療および本治 療に必要な検査などの費用は全額自己負担となります。 血液分離専用容器キットによる提供価格 PRP:(京セラCondensia システム)使用 ・・・・・1 回50,000 円(税込) ※患者様の症状によっては、治療を数回行うことがあります。治療前、または治療後の 状態から担当医師が判断し、患者様にお伝えしご相談させて頂きます。 ※治療内容・回数により1回あたりの費用が減額される場合がございます。施術する前 に詳細な説明をいたしますので、ご納得いただいた上で施術をお受けいただけますよ うお願い申し上げま",
P00265,F0282,東京都,新柴又駅前広場クリニック,第二種,変形性関節症を対象とした自家多血小板血漿（PRP）注入療法,AUTO,1.0,https://saiseiiryo.mhlw.go.jp/published_plan/download/01C2510033/5/0,5000,不明,,,-8,"受けた後に同意されない場合でも、一切不利益を受けることはありません。 また同様に、治療を受けることに同意した場合であっても、投与までの間でしたらい つでも取りやめることができます。その場合、その後の治療について一切不利益は受け ません。(ただし下記のキャンセル料は申し受けます) 採血後~加工前 5,000 円 加工後~投与前 全額 もしこの治療を受けることに同意しない場合も、最適と考えられる治療を実施できる ように患者様の治療に最善を尽くします。 ただし、治療を行った後は、健康管理のために必要に応じて適切な検査を受けていた だき、医学的に問題がないかを確認させていただきます。 11. 試料等の保管及び廃棄の方法について",
P00330,F0289,東京都,東京メディサイトクリニック,第二種,関節炎・変形性関節症の自己多血小板血漿（PRP）療法,AUTO,1.0,https://saiseiiryo.mhlw.go.jp/published_plan/download/03C2606009/5/0,100000,不明,一回,Mycells,8,報や診療 情報は厳重に管理されます。 治療にかかる費用 について わが国ではPRP療法は現時点で保険診療として認められていない 為、自費診療となります。PRPは精製法により、含まれる血小板濃 度や白血球濃度が異なり、当院ではベリタス社MyCellsキットを使 用します。一回のPRP注射にかかる費用は10万円(片膝)で、その 他、検査や診療に関しても実費となります。 将来の研究について PRP外来で得られたデータは、匿名化した状態で管理し、今後の医 学の発展のために研究・学会発表目的に使用される可能性が有りま す。もし、拒否される場合は、担当医までその旨お伝えください。 試料等の保管及び廃棄について 治療に使用せずに残ったPRPは保管はせず,
P00311,F0291,東京都,東京医科大学病院,第二種,スポーツ傷害（関節）及び変形性膝関節症を対象とした自己多血小板血漿注入療法（PRP療法、関節内）,QC,1.0,https://saiseiiryo.mhlw.go.jp/published_plan/download/03C2208001/5/0,,,,,,,Document fetched but no price candidate
P00298,F0292,東京都,東京城南整形外科,第三種,四肢の靭帯、筋腱付着部およびスポーツ傷害を対象とした自家多血小板血漿（PRP）注入療法,AUTO,1.0,https://saiseiiryo.mhlw.go.jp/published_plan/download/02C2603015/5/0,40000,税込,1 回,TriCeLL,9,"そのため、患者様の費用負担 が他の治療よりも高額になることがあります。当院において実施される本治療および本 治療に必要な検査などの費用は全額自己負担となります。 血液分離専用容器キットによる施術料1 回: TriCeLL PRP キット:77,000 円(税込) 京セラコンデンシアキット:40,000 円(税込) ※患者様の症状によっては、治療を数回行うことがあります。治療前、または治 療後の状態から担当医師が判断し、患者様にお伝えしご相談させて頂きます。 ※治療内容・回数により1回あたりの費用が減額される場合がございます。施術する 前に詳細な説明をいたしますので、ご納得いただいた上で施術いただきますようお 願い申し上げます。",
P00298,F0292,東京都,東京城南整形外科,第三種,四肢の靭帯、筋腱付着部およびスポーツ傷害を対象とした自家多血小板血漿（PRP）注入療法,AUTO,1.0,https://saiseiiryo.mhlw.go.jp/published_plan/download/02C2603015/5/0,77000,税込,1 回,TriCeLL,9,"この治療は、健康保険がご使用できない自由診療です。そのため、患者様の費用負担 が他の治療よりも高額になることがあります。当院において実施される本治療および本 治療に必要な検査などの費用は全額自己負担となります。 血液分離専用容器キットによる施術料1 回: TriCeLL PRP キット:77,000 円(税込) 京セラコンデンシアキット:40,000 円(税込) ※患者様の症状によっては、治療を数回行うことがあります。治療前、または治 療後の状態から担当医師が判断し、患者様にお伝えしご相談させて頂きます。 ※治療内容・回数により1回あたりの費用が減額される場合がございます。施術する 前に詳細な説明をいたしますので、ご納得いただ",
P00298,F0292,東京都,東京城南整形外科,第三種,四肢の靭帯、筋腱付着部およびスポーツ傷害を対象とした自家多血小板血漿（PRP）注入療法,AUTO,1.0,https://saiseiiryo.mhlw.go.jp/published_plan/download/02C2603015/5/0,5000,不明,,TriCeLL,-6,"た同様に、治療を受けることに同意した場合であっても、投与までの間でしたら、 いつでも取りやめることができます。この場合でも、一切不利益を受けません。 ただしキャンセル料はご負担いただきます。 【採血後のキャンセル料】 TriCeLL PRP キット:6,000 円 京セラコンデンシアキット:5,000 円 【加工後のキャンセル料】 TriCeLL PRP キット:60,000 円 京セラコンデンシアキット:30,000 円 もしこの治療を受けることに同意されない場合も、最適と考えられる治療を実施でき るように患者様の治療に最善を尽くします。 ただし、治療を行った後は、健康管理・アフターフォローのために必要に応じて適切 な検査",
P00298,F0292,東京都,東京城南整形外科,第三種,四肢の靭帯、筋腱付着部およびスポーツ傷害を対象とした自家多血小板血漿（PRP）注入療法,AUTO,1.0,https://saiseiiryo.mhlw.go.jp/published_plan/download/02C2603015/5/0,6000,不明,,TriCeLL,-6,"、一切不利益を受けることはありません。 また同様に、治療を受けることに同意した場合であっても、投与までの間でしたら、 いつでも取りやめることができます。この場合でも、一切不利益を受けません。 ただしキャンセル料はご負担いただきます。 【採血後のキャンセル料】 TriCeLL PRP キット:6,000 円 京セラコンデンシアキット:5,000 円 【加工後のキャンセル料】 TriCeLL PRP キット:60,000 円 京セラコンデンシアキット:30,000 円 もしこの治療を受けることに同意されない場合も、最適と考えられる治療を実施でき るように患者様の治療に最善を尽くします。 ただし、治療を行った後は、健康管理・アフ",
P00298,F0292,東京都,東京城南整形外科,第三種,四肢の靭帯、筋腱付着部およびスポーツ傷害を対象とした自家多血小板血漿（PRP）注入療法,AUTO,1.0,https://saiseiiryo.mhlw.go.jp/published_plan/download/02C2603015/5/0,30000,不明,,TriCeLL,-6,"不利益を受けません。 ただしキャンセル料はご負担いただきます。 【採血後のキャンセル料】 TriCeLL PRP キット:6,000 円 京セラコンデンシアキット:5,000 円 【加工後のキャンセル料】 TriCeLL PRP キット:60,000 円 京セラコンデンシアキット:30,000 円 もしこの治療を受けることに同意されない場合も、最適と考えられる治療を実施でき るように患者様の治療に最善を尽くします。 ただし、治療を行った後は、健康管理・アフターフォローのために必要に応じて適切 な検査を受けていただき、医学的に問題がないかを確認させていただきます。 11. 試料等の保管及び廃棄の方法について この治療",
P00298,F0292,東京都,東京城南整形外科,第三種,四肢の靭帯、筋腱付着部およびスポーツ傷害を対象とした自家多血小板血漿（PRP）注入療法,AUTO,1.0,https://saiseiiryo.mhlw.go.jp/published_plan/download/02C2603015/5/0,60000,不明,,TriCeLL,-6,"も取りやめることができます。この場合でも、一切不利益を受けません。 ただしキャンセル料はご負担いただきます。 【採血後のキャンセル料】 TriCeLL PRP キット:6,000 円 京セラコンデンシアキット:5,000 円 【加工後のキャンセル料】 TriCeLL PRP キット:60,000 円 京セラコンデンシアキット:30,000 円 もしこの治療を受けることに同意されない場合も、最適と考えられる治療を実施でき るように患者様の治療に最善を尽くします。 ただし、治療を行った後は、健康管理・アフターフォローのために必要に応じて適切 な検査を受けていただき、医学的に問題がないかを確認させていただきます。 11. 試料",
P00266,F0292,東京都,東京城南整形外科,第二種,変形性関節症を対象とした自家多血小板血漿（PRP）注入療法,AUTO,1.0,https://saiseiiryo.mhlw.go.jp/published_plan/download/02C2603014/5/0,60000,税込,1回,TriCeLL,9,"です。そのため、患者様の費用負担 が他の治療よりも高額になることがあります。当院において実施される本治療および本 治療に必要な検査などの費用は全額自己負担となります。 血液分離専用容器キットによる施術料: TriCeLL PRP キット:88,000 円(税込) 京セラコンデンシアキット:60,000 円(税込) ※患者様の症状によっては、治療を数回行うことがあります。治療前、または治療後 の状態から担当医師が判断し、患者様にお伝えしご相談させて頂きます。 ※治療内容・回数により1回あたりの費用が減額される場合がございます。施術する 前に詳細な説明をいたしますので、ご納得いただいた上で治療をお受けいただけますよ うお願い申し上げま",
P00266,F0292,東京都,東京城南整形外科,第二種,変形性関節症を対象とした自家多血小板血漿（PRP）注入療法,AUTO,1.0,https://saiseiiryo.mhlw.go.jp/published_plan/download/02C2603014/5/0,88000,税込,1回,TriCeLL,9,"て この治療は、健康保険がご使用できない自由診療です。そのため、患者様の費用負担 が他の治療よりも高額になることがあります。当院において実施される本治療および本 治療に必要な検査などの費用は全額自己負担となります。 血液分離専用容器キットによる施術料: TriCeLL PRP キット:88,000 円(税込) 京セラコンデンシアキット:60,000 円(税込) ※患者様の症状によっては、治療を数回行うことがあります。治療前、または治療後 の状態から担当医師が判断し、患者様にお伝えしご相談させて頂きます。 ※治療内容・回数により1回あたりの費用が減額される場合がございます。施術する 前に詳細な説明をいたしますので、ご納得いただ",
P00266,F0292,東京都,東京城南整形外科,第二種,変形性関節症を対象とした自家多血小板血漿（PRP）注入療法,AUTO,1.0,https://saiseiiryo.mhlw.go.jp/published_plan/download/02C2603014/5/0,5000,不明,,TriCeLL,-6,"た同様に、治療を受けることに同意した場合であっても、投与までの間でしたら、 いつでも取りやめることができます。この場合でも、一切不利益を受けません。 ただしキャンセル料はご負担いただきます。 【採血後のキャンセル料】 TriCeLL PRP キット:6,000 円 京セラコンデンシアキット:5,000 円 【加工後のキャンセル料】 TriCeLL PRP キット:60,000 円 京セラコンデンシアキット:30,000 円 もしこの治療を受けることに同意されない場合も、最適と考えられる治療を実施でき るように患者様の治療に最善を尽くします。 ただし、治療を行った後は、健康管理・アフターフォローのために必要に応じて適切 な",
P00266,F0292,東京都,東京城南整形外科,第二種,変形性関節症を対象とした自家多血小板血漿（PRP）注入療法,AUTO,1.0,https://saiseiiryo.mhlw.go.jp/published_plan/download/02C2603014/5/0,6000,不明,,TriCeLL,-6,"、一切不利益を受けることはありません。 また同様に、治療を受けることに同意した場合であっても、投与までの間でしたら、 いつでも取りやめることができます。この場合でも、一切不利益を受けません。 ただしキャンセル料はご負担いただきます。 【採血後のキャンセル料】 TriCeLL PRP キット:6,000 円 京セラコンデンシアキット:5,000 円 【加工後のキャンセル料】 TriCeLL PRP キット:60,000 円 京セラコンデンシアキット:30,000 円 もしこの治療を受けることに同意されない場合も、最適と考えられる治療を実施でき るように患者様の治療に最善を尽くします。 ただし、治療を行った後は、健康管理・",
P00266,F0292,東京都,東京城南整形外科,第二種,変形性関節症を対象とした自家多血小板血漿（PRP）注入療法,AUTO,1.0,https://saiseiiryo.mhlw.go.jp/published_plan/download/02C2603014/5/0,30000,不明,,TriCeLL,-6,"利益を受けません。 ただしキャンセル料はご負担いただきます。 【採血後のキャンセル料】 TriCeLL PRP キット:6,000 円 京セラコンデンシアキット:5,000 円 【加工後のキャンセル料】 TriCeLL PRP キット:60,000 円 京セラコンデンシアキット:30,000 円 もしこの治療を受けることに同意されない場合も、最適と考えられる治療を実施でき るように患者様の治療に最善を尽くします。 ただし、治療を行った後は、健康管理・アフターフォローのために必要に応じて適切 な検査を受けていただき、医学的に問題がないかを確認させていただきます。 11. 試料等の保管及び廃棄の方法について この治",
P00266,F0292,東京都,東京城南整形外科,第二種,変形性関節症を対象とした自家多血小板血漿（PRP）注入療法,AUTO,1.0,https://saiseiiryo.mhlw.go.jp/published_plan/download/02C2603014/5/0,60000,不明,,TriCeLL,-6,"取りやめることができます。この場合でも、一切不利益を受けません。 ただしキャンセル料はご負担いただきます。 【採血後のキャンセル料】 TriCeLL PRP キット:6,000 円 京セラコンデンシアキット:5,000 円 【加工後のキャンセル料】 TriCeLL PRP キット:60,000 円 京セラコンデンシアキット:30,000 円 もしこの治療を受けることに同意されない場合も、最適と考えられる治療を実施でき るように患者様の治療に最善を尽くします。 ただし、治療を行った後は、健康管理・アフターフォローのために必要に応じて適切 な検査を受けていただき、医学的に問題がないかを確認させていただきます。 11. 試",
P00267,F0293,東京都,東京塔医院,第二種,変形性関節症に対する多血小板血漿（PRP）関節内投与療法,QC,1.0,https://saiseiiryo.mhlw.go.jp/published_plan/download/01C2510073/5/0,165000,税込,,,6,"88 担当:三星 営業時間:10:00~13:30、14:30~18:00 営業時間外の連絡先:090-4028-5911(松永) 14.費用について 細胞の提供に際して費用は発生しません。 治療の提供に際しては、本治療は公的保険の対象ではありませんので、当院所定の施術料として片膝 165,000 円(税込)をお支払いいただきます。 ※患者様の症状、その他の事情等により治療費が変動する場合があります。 なお、細胞の採取後や加工後に同意を撤回された場合など、同意を撤回される時点までに費用が発生している 場合は、発生した費用については患者様にご負担いただきますのでご了承ください。 15.他の治療法の有無、本治療法との比較につ",
P00268,F0294,東京都,東京整形外科,第二種,自家多血小板血漿（PRP）を用いた慢性関節炎の治療（関節内組織）,QC,0.9838,https://saiseiiryo.mhlw.go.jp/published_plan/download/02C2309035/5/0,30000,税込,1 回,ACP|Angel,0,"すべて自費診療であり、健康保険を使用することはできませ ん。 (2) 本治療にかかる費用は、以下のとおりです。なお、費用は、治療に伴う診 査、PRP 調製のための採血にかかる費用、PRP 調製費用、注入にかかる費 用の総額となります。 キット 費用(PRP 1 回・税込) ACP 30,000 円 Angel 500,000 円 (3) 採血を開始してからキャンセルされた場合は、費用の全額をご負担いた だきます。 11. 試料等の保存及び廃棄の方法 患者様から採取した血液と作製したPRP は、患者様ご自身の治療のみ に使用します。ただし、症例検討や学会発表を目的として、血液やPRP の測定を行い、データを取",
P00268,F0294,東京都,東京整形外科,第二種,自家多血小板血漿（PRP）を用いた慢性関節炎の治療（関節内組織）,QC,0.9838,https://saiseiiryo.mhlw.go.jp/published_plan/download/02C2309035/5/0,500000,税込,1 回,ACP|Angel,0,"用することはできませ ん。 (2) 本治療にかかる費用は、以下のとおりです。なお、費用は、治療に伴う診 査、PRP 調製のための採血にかかる費用、PRP 調製費用、注入にかかる費 用の総額となります。 キット 費用(PRP 1 回・税込) ACP 30,000 円 Angel 500,000 円 (3) 採血を開始してからキャンセルされた場合は、費用の全額をご負担いた だきます。 11. 試料等の保存及び廃棄の方法 患者様から採取した血液と作製したPRP は、患者様ご自身の治療のみ に使用します。ただし、症例検討や学会発表を目的として、血液やPRP の測定を行い、データを取得することがあります。 血液および",
P00269,F0295,東京都,東京科学大学病院,第二種,PRP股関節内注射,QC,1.0,https://saiseiiryo.mhlw.go.jp/published_plan/download/03C2604022/5/0,387200,税込,,,0,"治療にかかる費用について この治療は公的医療保険の対象ではありません。治療に伴う診察、 注射のための採血、PRP調整、注射費用がかかり、すべて自己負担 となりますので、当施設にてお支払いいただきます。採血実施後に 同意を取り下げた場合には、当該費用については返還しないものと します。 ・ 片股 387,200円 (税込) ※注射後6ヶ月(5-7ヶ月)時の八重洲クリニックでのMRI検査費用が含 まれています。注射後6ヶ月時に八重洲クリニックでMRI検査を行 わない場合でもその費用は返金しません。 ※治療前の検査のための採血、MRI費用は含まれておりませんので 別途費用がかかります。検査のための採血は当院で実施しますが、 MRI検査は注射前3ヶ月以",
P00270,F0295,東京都,東京科学大学病院,第二種,自家滑膜幹細胞注射による変形性膝関節症治療,AUTO,1.0,https://saiseiiryo.mhlw.go.jp/published_plan/download/02C2604032/5/0,1999800,税込,,,8,"在の際は当直医が担当することがあります。 1 _08 提供者説明書 第3 版 2024/12/09 1_09 説明文書・同意文書 8 / 12 (科学大医病 1 版 2020 年11 月25 日) (8)費用について ・ 自由診療であり、健康保険は適用されません。 ・ 片膝 1,999,800 円(税込) になります。 ・ 治療に伴う診察、自己血清のための採血、滑膜採取、滑膜幹細胞注射、注射後1 か月時 の診察が含まれています。 ・ 事前診査の検査用採血費用は含まれておりませんので別途費用がかかります。 ・ 注射3 か月後、6 か月後の診察は含まれておりませんので別途費用がかかります。 ・ 「中止基準(2)細胞の培養等が計",
P00271,F0295,東京都,東京科学大学病院,第二種,PRP膝関節内注射,QC,1.0,https://saiseiiryo.mhlw.go.jp/published_plan/download/02C2604033/5/0,387200,税込,,,0,"のご希望がございましたら、情報提供いた します。 (7)受持医、実際に検査・治療を担当する医療者、指導体制について 外来主治医が対応します。 夜間・休日など主治医不在の際は当直医が担当することがあります。 (8)費用について ・自由診療であり、健康保険は適用されません。 ・片膝 387,200 円(税込) になります。 ・治療に伴う診察、注射のための採血、PRP 調整、注射、注射後6 ヶ月(5-7 ヶ月)時の 八重洲クリニックでのMRI 検査費用が含まれています。 ・6 か月間の診察を希望されない場合も返金しません。 ・注射後6 ヶ月時にMRI 検査を行わない場合でもその費用は返金しません。 ・注射",
P00272,F0296,東京都,東京銀座ウェルネス＆エイジングクリニック,第二種,変形性膝関節症に対する多血小板血漿（PRP）関節内投与療法,QC,0.98,https://saiseiiryo.mhlw.go.jp/published_plan/download/01C2108015/5/0,200000,税込,,,6,本治療法に関する苦情及びお問い合わせの窓口を設置しております。窓口での 受付後、治療を行う医師、管理者(院長)へと報告して対応させていただきます。 窓口部署:事務 連絡先:03-6263-2034 12.費用について この治療は公的保険の対象ではありませんので、当院所定の施術料として税込20万円をお支払いいただ きます。 ※患者様の症状、その他の事情等により治療費が変動する場合があります。 なお、細胞の採取後や加工後に同意を撤回された場合など、同意を撤回される時点までに費用が発生し ている場合は、発生した費用については患者様にご負担いただきますのでご了承ください。 13.他の治療法の有無、本治療法との比較について,
P00273,F0297,東京都,東京銀座国際醫院,第二種,変形性膝関節症に対する自己骨髄由来間葉系幹細胞を含む骨髄濃縮液（BMAC）の関節内投与療法,QC,0.9647,https://saiseiiryo.mhlw.go.jp/published_plan/download/01C2002030/5/0,500000,税別,,,6,本治療法に関する苦情及びお問い合わせの窓口を設置しております。窓口での 受付後、治療を行う医師、管理者(院長)へと報告して対応させていただきます。 窓口部署:事務 連絡先:03-6263-2034 12.費用について この治療は公的保険の対象ではありませんので、当院所定の施術料として税別50万円をお支払いいた だきます。 ※患者様の症状、その他の事情等により治療費が変動する場合があります。 なお、細胞の採取後や加工後に同意を撤回された場合など、同意を撤回される時点までに費用が発生し ている場合は、発生した費用については患者様にご負担いただきますのでご了承ください。 13.他の治療法の有無、本治療法との比較について,
P00274,F0297,東京都,東京銀座国際醫院,第二種,変形性膝関節症に対する多血小板血漿（PRP）関節内投与療法,QC,0.98,https://saiseiiryo.mhlw.go.jp/published_plan/download/01C2002032/5/0,150000,税別,,,6,本治療法に関する苦情及びお問い合わせの窓口を設置しております。窓口での 受付後、治療を行う医師、管理者(院長)へと報告して対応させていただきます。 窓口部署:事務 連絡先:03-6263-2034 12.費用について この治療は公的保険の対象ではありませんので、当院所定の施術料として税別15万円をお支払いいた だきます。 ※患者様の症状、その他の事情等により治療費が変動する場合があります。 なお、細胞の採取後や加工後に同意を撤回された場合など、同意を撤回される時点までに費用が発生し ている場合は、発生した費用については患者様にご負担いただきますのでご了承ください。 13.他の治療法の有無、本治療法との比較について,
P00280,F0305,東京都,目黒駅前ネスト整形外科,第二種,自己脂肪組織由来幹細胞（ASCs）を用いた変形性関節症の治療,QC,1.0,https://saiseiiryo.mhlw.go.jp/published_plan/download/01C2512045/5/0,1200000,税込,1回,,1,となります。 【本治療の費用】 本治療にかかる費用は、以下のとおりです。投与費用には、脂肪採取、自己脂肪組織由来幹 細胞の培養、輸送、投与にかかる費用と感染症検査費用が含まれます。投与間隔は、患部の 状態を診察し、医師の判断により決定いたします。 部位 費用(税込) 1関節1回投与 120 万円 2関節1回投与 160 万円 1関節2回投与 160 万円 【本治療キャンセル時の費用】 期間 キャンセル費用 第2 種 自己脂肪組織由来幹細胞(ASCs)を用いた 変形性関節症の治療の説明文書・同意書 別紙 第1.0 版 14 脂肪細胞採取前に取りやめた場合 全額返金いたします※,
P00280,F0305,東京都,目黒駅前ネスト整形外科,第二種,自己脂肪組織由来幹細胞（ASCs）を用いた変形性関節症の治療,QC,1.0,https://saiseiiryo.mhlw.go.jp/published_plan/download/01C2512045/5/0,1600000,税込,1回,,1,用】 本治療にかかる費用は、以下のとおりです。投与費用には、脂肪採取、自己脂肪組織由来幹 細胞の培養、輸送、投与にかかる費用と感染症検査費用が含まれます。投与間隔は、患部の 状態を診察し、医師の判断により決定いたします。 部位 費用(税込) 1関節1回投与 120 万円 2関節1回投与 160 万円 1関節2回投与 160 万円 【本治療キャンセル時の費用】 期間 キャンセル費用 第2 種 自己脂肪組織由来幹細胞(ASCs)を用いた 変形性関節症の治療の説明文書・同意書 別紙 第1.0 版 14 脂肪細胞採取前に取りやめた場合 全額返金いたします※ 脂肪細胞採取から1 週間まで,
P00280,F0305,東京都,目黒駅前ネスト整形外科,第二種,自己脂肪組織由来幹細胞（ASCs）を用いた変形性関節症の治療,QC,1.0,https://saiseiiryo.mhlw.go.jp/published_plan/download/01C2512045/5/0,15000,税込,,,0,".0 版 14 脂肪細胞採取前に取りやめた場合 全額返金いたします※ 脂肪細胞採取から1 週間まで 施術料を半額返金いたします 脂肪細胞採取から1 週間以上経過後 返金はございません ※血液(感染症)検査実施後のキャンセルの場合、診察料および採血・感染症検査にかかる 費用として15,000 円(税込)をご負担いただき、その他費用は返金いたします。 【認定再生医療等委員会のお問い合わせ窓口】 東京都健康長寿医療センター 健康長寿イノベーションセンター(HAIC) 研究開発ユニット 認定再生医療等委員会担当 TEL 03-3964-1141 内線2275 e-mail:rinsyoushiken@tmghig.jp",
P00310,F0307,東京都,社会医療法人社団東京巨樹の会 東京品川病院,第三種,自家多血小板血漿（PRP）を用いた筋肉、腱、靭帯、筋膜の損傷及び慢性炎症の治療（関節外の軟部組織）,QC,1.0,https://saiseiiryo.mhlw.go.jp/published_plan/download/03C2604051/5/0,,,,,,,Document fetched but no price candidate
P00281,F0307,東京都,社会医療法人社団東京巨樹の会 東京品川病院,第二種,自家多血小板血漿（PRP）を用いた慢性関節炎の治療（関節内組織）,QC,0.9838,https://saiseiiryo.mhlw.go.jp/published_plan/download/03C2604050/5/0,55000,税込,,ACP MAX|ACP,0,"社製の 「ACP」と「ACP MAX」となります。 どちらのキットを使用するかについては、患者さまのご希望や症状 を考慮し、患者さまと医師が協議の上で 決定いたします。 ご不明な点がございましたら、どうぞご遠慮なく医師までご相談く ださい。 治療内容 使用機器 費用(税込) PRP 片側 ACP 55,000円 ACP MAX 220,000円 PRP 両側 ACP 99,000円 ACP MAX 385,000円 キャンセルポリシーについて 採血開始後のキャンセルにつきましては、キャンセル料を申し受 けますので、あらかじめご了承ください。",
P00281,F0307,東京都,社会医療法人社団東京巨樹の会 東京品川病院,第二種,自家多血小板血漿（PRP）を用いた慢性関節炎の治療（関節内組織）,QC,0.9838,https://saiseiiryo.mhlw.go.jp/published_plan/download/03C2604050/5/0,99000,税込,,ACP MAX|ACP,0,"するかについては、患者さまのご希望や症状 を考慮し、患者さまと医師が協議の上で 決定いたします。 ご不明な点がございましたら、どうぞご遠慮なく医師までご相談く ださい。 治療内容 使用機器 費用(税込) PRP 片側 ACP 55,000円 ACP MAX 220,000円 PRP 両側 ACP 99,000円 ACP MAX 385,000円 キャンセルポリシーについて 採血開始後のキャンセルにつきましては、キャンセル料を申し受 けますので、あらかじめご了承ください。",
P00281,F0307,東京都,社会医療法人社団東京巨樹の会 東京品川病院,第二種,自家多血小板血漿（PRP）を用いた慢性関節炎の治療（関節内組織）,QC,0.9838,https://saiseiiryo.mhlw.go.jp/published_plan/download/03C2604050/5/0,220000,税込,,ACP MAX|ACP,0,"AX」となります。 どちらのキットを使用するかについては、患者さまのご希望や症状 を考慮し、患者さまと医師が協議の上で 決定いたします。 ご不明な点がございましたら、どうぞご遠慮なく医師までご相談く ださい。 治療内容 使用機器 費用(税込) PRP 片側 ACP 55,000円 ACP MAX 220,000円 PRP 両側 ACP 99,000円 ACP MAX 385,000円 キャンセルポリシーについて 採血開始後のキャンセルにつきましては、キャンセル料を申し受 けますので、あらかじめご了承ください。",
P00281,F0307,東京都,社会医療法人社団東京巨樹の会 東京品川病院,第二種,自家多血小板血漿（PRP）を用いた慢性関節炎の治療（関節内組織）,QC,0.9838,https://saiseiiryo.mhlw.go.jp/published_plan/download/03C2604050/5/0,385000,税込,,ACP MAX|ACP,0,"望や症状 を考慮し、患者さまと医師が協議の上で 決定いたします。 ご不明な点がございましたら、どうぞご遠慮なく医師までご相談く ださい。 治療内容 使用機器 費用(税込) PRP 片側 ACP 55,000円 ACP MAX 220,000円 PRP 両側 ACP 99,000円 ACP MAX 385,000円 キャンセルポリシーについて 採血開始後のキャンセルにつきましては、キャンセル料を申し受 けますので、あらかじめご了承ください。",
P00282,F0308,東京都,社会医療法人財団仁医会 牧田総合病院,第二種,多血小板血漿（PRP）を用いた変形性関節症治療,AUTO,0.952,https://saiseiiryo.mhlw.go.jp/published_plan/download/02C2602049/5/0,150000,税別,,APS|GPS,8,"て結果や経過・治療部位の写真などを公表する可能性がありますが、規程に基づき患者様個人 を特定できる内容が使われることはありません。 16)治療にかかる費用について この治療は公的保険の対象ではありませんので、当院の所定の施術料をお支払いいただきます。 ジンマーバイオメット社製 GPSIIIシステム 150,000円(税抜) APSキット 300,000円(税抜) ご不明な点は医師・スタッフまでお気軽にお尋ねください。施術後、患者様の個人的な事情及び金 銭等に関する問題に関しては一切の責任を負いかねますのでご了承ください。 17)治療に関する問合せ先 本治療に関して、治療後の不安、疾病等の相談などがございましたら担当医師",
P00282,F0308,東京都,社会医療法人財団仁医会 牧田総合病院,第二種,多血小板血漿（PRP）を用いた変形性関節症治療,AUTO,0.952,https://saiseiiryo.mhlw.go.jp/published_plan/download/02C2602049/5/0,300000,税別,,APS|GPS,8,"づき患者様個人 を特定できる内容が使われることはありません。 16)治療にかかる費用について この治療は公的保険の対象ではありませんので、当院の所定の施術料をお支払いいただきます。 ジンマーバイオメット社製 GPSIIIシステム 150,000円(税抜) APSキット 300,000円(税抜) ご不明な点は医師・スタッフまでお気軽にお尋ねください。施術後、患者様の個人的な事情及び金 銭等に関する問題に関しては一切の責任を負いかねますのでご了承ください。 17)治療に関する問合せ先 本治療に関して、治療後の不安、疾病等の相談などがございましたら担当医師または以下窓口まで お気軽にご連絡ください。 ・問い合わせ先:整形外科",
P00283,F0223,東京都,社会福祉法人みどり福祉会 B&Jクリニックお茶の水,第二種,自家多血小板血漿（PRP）を用いた関節内組織損傷に対する治療,QC,0.9838,https://saiseiiryo.mhlw.go.jp/published_plan/download/02C1912136/5/0,,,,,,,Document fetched but no price candidate
P00284,F0263,東京都,社会福祉法人同愛記念病院財団 同愛記念病院,第二種,自家多血小板血漿（PRP）を用いた慢性関節炎の治療（関節内組織）,AUTO,0.9838,https://saiseiiryo.mhlw.go.jp/published_plan/download/03C2502006/5/0,40000,税別,2 回分,,9,とはできません。 (2) 本治療にかかる費用は、以下のとおりです。なお、費用は、治療に伴う診査、 自家PRP 調製のための採血にかかる費用、自家PRP 調製費用、注入にかか る費用の総額となります。左右両側に投与する場合は、2 回分です。 PRP 療法1回(1 部位) 4万円(消費税別) 11. 試料等の保存及び廃棄の方法 患者様から採取した血液と作製したPRP は、患者様ご自身の治療のみに 使用します。ただし、症例検討や学会発表を目的として、血液やPRP の測 定を行い、データを取得することがあります。 血液およびPRP は微量で全量を使用するため、保管はしません。治療に 用いない血液または,
P00285,F0301,東京都,社会福祉法人白十字会 東京白十字病院,第二種,多血小板血漿（PRP）を用いた変形性関節症治療,QC,0.952,https://saiseiiryo.mhlw.go.jp/published_plan/download/03C2510039/5/0,2000,税別,,,8,"品として承認されて おり、品質は安定してい る。 アレルギーの 可能性 自己血液のため、極めて低い。 安全性の高いものだが、ア レルギー反応などの可能 性を完全には否定できな い。 提供価格 150,000 円(税抜) 300,000 円(税抜) 例:膝関節内投与 (保険適用) 2000 円前後/回 【PRP】1_07_説明文書同意書_東京白十字病院 8)再生医療等を受けることの拒否、同意の撤回により、不利益な扱いを受けることはありま せん。 本治療の説明を受けた上で、本治療を受けることを拒否したり、本治療を受けることを同意した後 に同意を撤回した場合であっても、今後の診療・治療等において不利益な扱いを受ける",
P00285,F0301,東京都,社会福祉法人白十字会 東京白十字病院,第二種,多血小板血漿（PRP）を用いた変形性関節症治療,QC,0.952,https://saiseiiryo.mhlw.go.jp/published_plan/download/03C2510039/5/0,150000,税別,,,8,"質の安定性 PRP は患者様自身の血液から製造するため、品質が ばらつく可能性がある。 医薬品として承認されて おり、品質は安定してい る。 アレルギーの 可能性 自己血液のため、極めて低い。 安全性の高いものだが、ア レルギー反応などの可能 性を完全には否定できな い。 提供価格 150,000 円(税抜) 300,000 円(税抜) 例:膝関節内投与 (保険適用) 2000 円前後/回 【PRP】1_07_説明文書同意書_東京白十字病院 8)再生医療等を受けることの拒否、同意の撤回により、不利益な扱いを受けることはありま せん。 本治療の説明を受けた上で、本治療を受けることを拒否したり、本治療を受けることを",
P00285,F0301,東京都,社会福祉法人白十字会 東京白十字病院,第二種,多血小板血漿（PRP）を用いた変形性関節症治療,QC,0.952,https://saiseiiryo.mhlw.go.jp/published_plan/download/03C2510039/5/0,300000,税別,,,8,"自身の血液から製造するため、品質が ばらつく可能性がある。 医薬品として承認されて おり、品質は安定してい る。 アレルギーの 可能性 自己血液のため、極めて低い。 安全性の高いものだが、ア レルギー反応などの可能 性を完全には否定できな い。 提供価格 150,000 円(税抜) 300,000 円(税抜) 例:膝関節内投与 (保険適用) 2000 円前後/回 【PRP】1_07_説明文書同意書_東京白十字病院 8)再生医療等を受けることの拒否、同意の撤回により、不利益な扱いを受けることはありま せん。 本治療の説明を受けた上で、本治療を受けることを拒否したり、本治療を受けることを同意した後 に同意を撤回した場",
P00286,F0315,東京都,社会福祉法人賛育会 賛育会病院,第二種,変形性関節症および関節腔の傷害を対象とした自家多血小板血漿（PRP）注入療法,AUTO,1.0,https://saiseiiryo.mhlw.go.jp/published_plan/download/03C2506012/5/0,55000,税込,1 回,,7,"8. 治療にかかる費用について この治療は、健康保険が適用されない自由診療です。そのため、患者様の費用負担が 他の治療よりも高額になることがあります。当院において実施される本治療および本治 療に必要な検査などの費用は全額自己負担となります。 血液分離専用容器キットによる施術料1 回55,000 円(税込) ※患者様の症状によっては、治療を数回行うことがあります。治療前、または治療後 の状態から担当医師が判断し、患者様にお伝えしご相談させて頂きます。 ※治療内容・回数により1回あたりの費用が減額される場合がございます。施術する 前に詳細な説明をいたしますので、ご納得いただいた上で施術いただきますようお 願い申し上げます。",
P00286,F0315,東京都,社会福祉法人賛育会 賛育会病院,第二種,変形性関節症および関節腔の傷害を対象とした自家多血小板血漿（PRP）注入療法,AUTO,1.0,https://saiseiiryo.mhlw.go.jp/published_plan/download/03C2506012/5/0,22000,不明,,,-6,"めください。 説明を受けた後に同意されない場合でも、一切不利益を受けることはありません。 また同様に、治療を受けることに同意した場合であっても、投与までの間でしたらい つでも取りやめることができます。 (採血等にかかる実費等はご負担いただきます。: 採血後または、PRP 加工後のキャンセル料22,000 円 ) もしこの治療を受けることに同意しない場合も、最適と考えられる治療を実施できる ように患者様の治療に最善を尽くします。 ただし、治療を行った後は、健康管理のために必要に応じて適切な検査を受けていた だき、医学的に問題がないかを確認させていただきます。 11. 試料等の保管及び廃棄の方法について この治療にて患者様より採",
P00287,F0309,東京都,祐天寺整形外科クリニック,第二種,多血小板血漿（PRP）の投与による変形性関節症治療,AUTO,1.0,https://saiseiiryo.mhlw.go.jp/published_plan/download/03C2310001/5/0,100000,税別,1回,APS|GPS,9,"否定できない 品質管理された安全性の高いものだが、アレルギー反応などの可能 性を完全には否定できない 11. 治療にかかる費用について この治療は公的保険の対象ではありませんので、当クリニックの所 定の施術料をお支払いいただきます。 ・PRPを用いた治療(GPSIIIキット使用)における施術料 100,000 円(税別) ・濃縮PRPを用いた治療(APSキット使用)における施術料 300,000 円(税別) ご不明な点は医師・スタッフにお尋ねください。なお1回の施術あ たりの費用は、患部の状態を確認した医師の判断、PRPの遠心回数 等により変更となる場合がございます。 12. その他治療についての注意事 項",
P00287,F0309,東京都,祐天寺整形外科クリニック,第二種,多血小板血漿（PRP）の投与による変形性関節症治療,AUTO,1.0,https://saiseiiryo.mhlw.go.jp/published_plan/download/03C2310001/5/0,300000,税別,1回,APS|GPS,9,"できない 11. 治療にかかる費用について この治療は公的保険の対象ではありませんので、当クリニックの所 定の施術料をお支払いいただきます。 ・PRPを用いた治療(GPSIIIキット使用)における施術料 100,000 円(税別) ・濃縮PRPを用いた治療(APSキット使用)における施術料 300,000 円(税別) ご不明な点は医師・スタッフにお尋ねください。なお1回の施術あ たりの費用は、患部の状態を確認した医師の判断、PRPの遠心回数 等により変更となる場合がございます。 12. その他治療についての注意事 項 患者様の体調が良くない場合や、採取した血液の状態によっては、",
P00288,F0311,東京都,羽田内科医院,第二種,自己多血小板血漿（PRP）関節内投与による整形外科治療（変形性関節症・関節炎）,QC,1.0,https://saiseiiryo.mhlw.go.jp/published_plan/download/02C1911144/5/0,15000,不明,,,8,的に熱感や赤みや疼痛が出ることがあります。また、PRP注入 後、当日一時的に腫れや内出血が起こ る事がありますが特別な処置が必要となることはなく数時間~数 日以内に改善します。 □その他、予期せぬ副反応や合併症が発生した場合には、その都度 必要な措置を講じます。 □治療費は PRP 1mlあたり 15000円(別途消費税) □PRPの保管及び移動を行うことはありません。 □PRP作製における材料(血液)及び資材は医療廃棄物として処理 します。 □本治療は「自己多血小板血漿(PRP)関節内投与による整形外科治療 (変形性関節症・関節炎)」の名称で、特定非営利活動法人 先端 医療推進機構 特定認定再生医療等委員会東京(認定番号 NB3150006,
P00288,F0311,東京都,羽田内科医院,第二種,自己多血小板血漿（PRP）関節内投与による整形外科治療（変形性関節症・関節炎）,QC,1.0,https://saiseiiryo.mhlw.go.jp/published_plan/download/02C1911144/5/0,5000,不明,,,7,こと又は 同意を撤回するこ と により不利益な取扱いを受けることはないことを知っ ていま す。もし、治療期間中に疑問を持った場合は医師に電話および診察 で尋ねることができます。 患者署名 日付 私は、 PRP 療法を行うにあたり、以下の治療費を支払います。 書類作成料 5000円 治療費 対象疾患にかかわらず、PRP 1mlあたり 15000円 治療費 私の医学的情報は法律で要求される期間、秘密を守って保存される ことを理解します。ただし、私個人を特定できないよう情報は、私 の許可がなくても教育や研究に使用しても構いません。 守秘義務 私は以上の処置とそれに伴う利点、危険性ついて十分な情報提供を 受けたことを確認,
P00289,F0312,東京都,葛西駅前あおぞら整形外科クリニック,第二種,多血小板血漿を用いた関節炎治療（第2種再生医療）,QC,1.0,https://saiseiiryo.mhlw.go.jp/published_plan/download/01C2506025/5/0,11000,税込,,,0,"術回数などにより患者さん毎に異なります。施術する前に詳細な施 術料金を提示いたしますので、ご納得いただいた上、施術いただきますようお願 い申し上げます。一般的な治療費用を下記に示します。 【調製・施術料】 PRP 関節投与料金: 9 ・治療前診断料 11,000 円 ・PRP 療法実施費用 55,000 円 *キャンセル規定について ・治療当日の診察前 ⇨全額を返金させていただきます。 ・治療当日の診察後以降 ⇨22,000 円(税込)を返金させていただきます。 12. 担当医師及び相談窓口 《 担当医師 》 以下の担当医師が、あなたを担当致しますので、",
P00289,F0312,東京都,葛西駅前あおぞら整形外科クリニック,第二種,多血小板血漿を用いた関節炎治療（第2種再生医療）,QC,1.0,https://saiseiiryo.mhlw.go.jp/published_plan/download/01C2506025/5/0,22000,税込,,,0,"施術料】 PRP 関節投与料金: 9 ・治療前診断料 11,000 円 ・PRP 療法実施費用 55,000 円 *キャンセル規定について ・治療当日の診察前 ⇨全額を返金させていただきます。 ・治療当日の診察後以降 ⇨22,000 円(税込)を返金させていただきます。 12. 担当医師及び相談窓口 《 担当医師 》 以下の担当医師が、あなたを担当致しますので、いつでもご相談ください。この 治療について知りたいことや、ご心配なことがありましたら、遠慮なく担当医師 にご相談下さい。 ◎ 担当医師 : 福田 慎介 《 相談窓口 》 本治療への、ご意",
P00289,F0312,東京都,葛西駅前あおぞら整形外科クリニック,第二種,多血小板血漿を用いた関節炎治療（第2種再生医療）,QC,1.0,https://saiseiiryo.mhlw.go.jp/published_plan/download/01C2506025/5/0,55000,税込,,,0,"前に詳細な施 術料金を提示いたしますので、ご納得いただいた上、施術いただきますようお願 い申し上げます。一般的な治療費用を下記に示します。 【調製・施術料】 PRP 関節投与料金: 9 ・治療前診断料 11,000 円 ・PRP 療法実施費用 55,000 円 *キャンセル規定について ・治療当日の診察前 ⇨全額を返金させていただきます。 ・治療当日の診察後以降 ⇨22,000 円(税込)を返金させていただきます。 12. 担当医師及び相談窓口 《 担当医師 》 以下の担当医師が、あなたを担当致しますので、いつでもご相談ください。この 治療について知りた",
P00279,F0317,東京都,銀座YRクリニック,第二種,変形性関節症・腰痛症・末梢神経障害などの疼痛に対する自己脂肪由来間葉系幹細胞の静脈注射治療,QC,1.0,https://saiseiiryo.mhlw.go.jp/published_plan/download/03C2606012/5/0,3000000,税込,2回,,-2,守秘は徹底いたします。 13.費用について 本治療は保険適用外であるため、治療にかかる費用全額をご自分でご負担いただきます。その 他、本治療を受けるために必要となった旅費、交通費などの全ての費用もご自分でご負担いただ きます。実際に必要となる治療費については初回 385 万円(税込)、2回目以降 300 万円(税抜) となります。 なお、本治療の同意を撤回される場合、または患者様のご都合で治療日時の変更や治療の取り やめを行う場合は、以下のキャンセル費用をご負担いただきます。 キャンセル費用 原則として、培養開始後のキャンセルは治療費の全額を請求させていただきます。 ※キャンセルのご連絡はいかなる時点でも受付いたしますが、ご連絡を受けた,
P00279,F0317,東京都,銀座YRクリニック,第二種,変形性関節症・腰痛症・末梢神経障害などの疼痛に対する自己脂肪由来間葉系幹細胞の静脈注射治療,QC,1.0,https://saiseiiryo.mhlw.go.jp/published_plan/download/03C2606012/5/0,3850000,税込,2回,,-2,報 を用いることはなく、その管理と守秘は徹底いたします。 13.費用について 本治療は保険適用外であるため、治療にかかる費用全額をご自分でご負担いただきます。その 他、本治療を受けるために必要となった旅費、交通費などの全ての費用もご自分でご負担いただ きます。実際に必要となる治療費については初回 385 万円(税込)、2回目以降 300 万円(税抜) となります。 なお、本治療の同意を撤回される場合、または患者様のご都合で治療日時の変更や治療の取り やめを行う場合は、以下のキャンセル費用をご負担いただきます。 キャンセル費用 原則として、培養開始後のキャンセルは治療費の全額を請求させていただきます。 ※キャンセルのご連絡はいかなる時点で,
P00335,F0393,群馬県,ぐんまスポーツ整形外科,第三種,自家多血小板血漿（PRP）を用いた筋肉、腱、靭帯、筋膜の損傷及び慢性炎症の治療（関節外の軟部組織）,AUTO,1.0,https://saiseiiryo.mhlw.go.jp/published_plan/download/01C2203028/5/0,55000,税込,2 回分,,9,"用することはできませ ん。 (2) 本治療にかかる費用は、以下のとおりです。なお、費用は、治療に伴う診 査、PRP 作製のための採血にかかる費用、PRP 作製費用、注入にかかる費 用の総額となります。左右両側に投与する場合は、2 回分です。 PRP 1回(1 部位) 55,000 円(税込) 11. 試料等の保存及び廃棄の方法 患者様から採取した血液と作製したPRP は、患者様ご自身の治療のみ に使用します。ただし、症例検討や学会発表を目的として、血液やPRP の測定を行い、データを取得することがあります。 血液およびPRP は微量で全量を使用するため、保管はしません。治療 に用いない血液またはPRP",
P00337,F0394,群馬県,パーク整形外科クリニック,第三種,四肢の筋・腱・靱帯及びその付着部の傷害を対象とした自家多血小板血漿（PRP）注入療法,AUTO,1.0,https://saiseiiryo.mhlw.go.jp/published_plan/download/01C2607018/5/0,44000,税込,1 回,ACP MAX|ACP,9,"担が他 の治療よりも高額になることがあります。当院において実施される本治療および本治療に必 要な検査などの費用は全額自己負担となります。 血液分離専用容器キットによる施術料(1 回あたり): ・ACP ダブルシリンジの場合:55,000 円(税込) ・【学割】ACP ダブルシリンジの場合:44,000 円(税込) ・ACP MAX PRP システムの場合:200,000 円(税込) ※患者様の症状によっては、治療を数回行うことがあります。治療前、または治 療後の状態から担当医師が判断し、患者様にお伝えしご相談させて頂きます。 ※治療内容・回数により1回あたりの費用が減額される場合がございます。施術する前に 詳細な説明をいたしま",
P00337,F0394,群馬県,パーク整形外科クリニック,第三種,四肢の筋・腱・靱帯及びその付着部の傷害を対象とした自家多血小板血漿（PRP）注入療法,AUTO,1.0,https://saiseiiryo.mhlw.go.jp/published_plan/download/01C2607018/5/0,55000,税込,1 回,ACP MAX|ACP,9,"療は、健康保険がご使用できない自由診療です。そのため、患者様の費用負担が他 の治療よりも高額になることがあります。当院において実施される本治療および本治療に必 要な検査などの費用は全額自己負担となります。 血液分離専用容器キットによる施術料(1 回あたり): ・ACP ダブルシリンジの場合:55,000 円(税込) ・【学割】ACP ダブルシリンジの場合:44,000 円(税込) ・ACP MAX PRP システムの場合:200,000 円(税込) ※患者様の症状によっては、治療を数回行うことがあります。治療前、または治 療後の状態から担当医師が判断し、患者様にお伝えしご相談させて頂きます。 ※治療内容・回数により1回あたりの",
P00337,F0394,群馬県,パーク整形外科クリニック,第三種,四肢の筋・腱・靱帯及びその付着部の傷害を対象とした自家多血小板血漿（PRP）注入療法,AUTO,1.0,https://saiseiiryo.mhlw.go.jp/published_plan/download/01C2607018/5/0,200000,税込,1 回,ACP MAX|ACP,9,"治療および本治療に必 要な検査などの費用は全額自己負担となります。 血液分離専用容器キットによる施術料(1 回あたり): ・ACP ダブルシリンジの場合:55,000 円(税込) ・【学割】ACP ダブルシリンジの場合:44,000 円(税込) ・ACP MAX PRP システムの場合:200,000 円(税込) ※患者様の症状によっては、治療を数回行うことがあります。治療前、または治 療後の状態から担当医師が判断し、患者様にお伝えしご相談させて頂きます。 ※治療内容・回数により1回あたりの費用が減額される場合がございます。施術する前に 詳細な説明をいたしますので、ご納得いただいた上で施術いただきますようお願い申し 上げます。",
P00337,F0394,群馬県,パーク整形外科クリニック,第三種,四肢の筋・腱・靱帯及びその付着部の傷害を対象とした自家多血小板血漿（PRP）注入療法,AUTO,1.0,https://saiseiiryo.mhlw.go.jp/published_plan/download/01C2607018/5/0,30000,不明,,ACP MAX|ACP,-6,"を受けることはありません。 また同様に、治療を受けることに同意した場合であっても、投与までの間でしたら、いつ でも取りやめることができます。この場合でも、一切不利益を受けません。 ただし、キャンセル料はご負担いただきます。 採血後および加工後のキャンセル料:ACP ダブルシリンジの場合:30,000 円 :ACP MAX PRP システムの場合:120,000 円 もしこの治療を受けることに同意されない場合も、最適と考えられる治療を実施できるよ うに患者様の治療に最善を尽くします。 ただし、治療を行った後は、健康管理・アフターフォローのために必要に応じて適切な検 査を受けていただき、医学的に問題がないかを確認させていただきます",
P00337,F0394,群馬県,パーク整形外科クリニック,第三種,四肢の筋・腱・靱帯及びその付着部の傷害を対象とした自家多血小板血漿（PRP）注入療法,AUTO,1.0,https://saiseiiryo.mhlw.go.jp/published_plan/download/01C2607018/5/0,120000,不明,,ACP MAX|ACP,-6,"意した場合であっても、投与までの間でしたら、いつ でも取りやめることができます。この場合でも、一切不利益を受けません。 ただし、キャンセル料はご負担いただきます。 採血後および加工後のキャンセル料:ACP ダブルシリンジの場合:30,000 円 :ACP MAX PRP システムの場合:120,000 円 もしこの治療を受けることに同意されない場合も、最適と考えられる治療を実施できるよ うに患者様の治療に最善を尽くします。 ただし、治療を行った後は、健康管理・アフターフォローのために必要に応じて適切な検 査を受けていただき、医学的に問題がないかを確認させていただきます。 11. 試料等の保管及び廃棄の方法について 加工",
P00336,F0394,群馬県,パーク整形外科クリニック,第二種,変形性関節症を対象とした自家多血小板血漿（PRP）注入療法,AUTO,1.0,https://saiseiiryo.mhlw.go.jp/published_plan/download/01C2607014/5/0,55000,税込,1 回,ACP MAX|ACP,9,"療は、健康保険がご使用できない自由診療です。そのため、患者様の費用負担が他 の治療よりも高額になることがあります。当院において実施される本治療および本治療に必 要な検査などの費用は全額自己負担となります。 血液分離専用容器キットによる施術料(1 回あたり): ・ACP ダブルシリンジの場合:55,000 円(税込) ・ACP MAX PRP システムの場合:200,000 円(税込) ※患者様の症状によっては、治療を数回行うことがあります。治療前、または治療後の状 態から担当医師が判断し、患者様にお伝えしご相談させて頂きます。 ※治療内容・回数により1回あたりの費用が減額される場合がございます。施術する前に 詳細な説明をいたします",
P00336,F0394,群馬県,パーク整形外科クリニック,第二種,変形性関節症を対象とした自家多血小板血漿（PRP）注入療法,AUTO,1.0,https://saiseiiryo.mhlw.go.jp/published_plan/download/01C2607014/5/0,200000,税込,1 回,ACP MAX|ACP,9,"が他 の治療よりも高額になることがあります。当院において実施される本治療および本治療に必 要な検査などの費用は全額自己負担となります。 血液分離専用容器キットによる施術料(1 回あたり): ・ACP ダブルシリンジの場合:55,000 円(税込) ・ACP MAX PRP システムの場合:200,000 円(税込) ※患者様の症状によっては、治療を数回行うことがあります。治療前、または治療後の状 態から担当医師が判断し、患者様にお伝えしご相談させて頂きます。 ※治療内容・回数により1回あたりの費用が減額される場合がございます。施術する前に 詳細な説明をいたしますので、ご納得いただいた上で治療をお受けいただけますようお願い 申し上げま",
P00336,F0394,群馬県,パーク整形外科クリニック,第二種,変形性関節症を対象とした自家多血小板血漿（PRP）注入療法,AUTO,1.0,https://saiseiiryo.mhlw.go.jp/published_plan/download/01C2607014/5/0,30000,不明,,ACP MAX|ACP,-6,"利益を受けることはありません。 また同様に、治療を受けることに同意した場合であっても、投与までの間でしたら、いつ でも取りやめることができます。この場合でも、一切不利益を受けません。 ただしキャンセル料はご負担いただきます。 採血後および加工後のキャンセル料:ACP ダブルシリンジの場合:30,000 円 :ACP MAX PRP システムの場合:120,000 円 もしこの治療を受けることに同意されない場合も、最適と考えられる治療を実施できるよ うに患者様の治療に最善を尽くします。 ただし、治療を行った後は、健康管理・アフターフォローのために必要に応じて適切な検 査を受けていただき、医学的に問題がないかを確認させていただきます",
P00336,F0394,群馬県,パーク整形外科クリニック,第二種,変形性関節症を対象とした自家多血小板血漿（PRP）注入療法,AUTO,1.0,https://saiseiiryo.mhlw.go.jp/published_plan/download/01C2607014/5/0,120000,不明,,ACP MAX|ACP,-6,"に同意した場合であっても、投与までの間でしたら、いつ でも取りやめることができます。この場合でも、一切不利益を受けません。 ただしキャンセル料はご負担いただきます。 採血後および加工後のキャンセル料:ACP ダブルシリンジの場合:30,000 円 :ACP MAX PRP システムの場合:120,000 円 もしこの治療を受けることに同意されない場合も、最適と考えられる治療を実施できるよ うに患者様の治療に最善を尽くします。 ただし、治療を行った後は、健康管理・アフターフォローのために必要に応じて適切な検 査を受けていただき、医学的に問題がないかを確認させていただきます。 11. 試料等の保管及び廃棄の方法について 加工",
P00623,F0443,愛知県,医療法人蜂友会 はちや整形外科病院,第二種,多血小板血漿（PRP）を用いた整形外科疾患に対する組織修復,QC,0.98,https://saiseiiryo.mhlw.go.jp/published_plan/download/03D2605008/5/0,,,,,,,Document fetched but no price candidate
P00362,F0407,長野県,長野整形外科クリニック,第二種,自家多血小板血漿（PRP）を用いた慢性関節炎ならびに関節内軟骨・靭帯損傷の治療（関節内組織）,QC,1.0,https://saiseiiryo.mhlw.go.jp/published_plan/download/01C2503071/5/0,35000,税別,1 回(1 部位),ACP MAX|ACP,0,"義務教育就学児、および有効な学生証を提示いただける方に 限られます。 学割プランの詳細につきましては、当院よりご案内いたしますので、 ご希望の方はお気軽にお申し出ください。 キット 費用(税別) ACP 1 回(1 部位) 50,000 円 ACP(学割) 1 回(1 部位) 35,000 円 ACP ダブルショット 1 回(1 部位) 95,000 円 ACP MAX 1 回(1 部位) 150,000 円 (3) 採血を開始してからのキャンセルについては、キャンセル費用をいただ きます。 11. 試料等の保存及び廃棄の方法 患者様から採取した血液と作製したPRP は、患者様ご自身の治療のみ",
P00362,F0407,長野県,長野整形外科クリニック,第二種,自家多血小板血漿（PRP）を用いた慢性関節炎ならびに関節内軟骨・靭帯損傷の治療（関節内組織）,QC,1.0,https://saiseiiryo.mhlw.go.jp/published_plan/download/01C2503071/5/0,50000,税別,1 回(1 部位),ACP MAX|ACP,0,"を対象とした学割プランもご用意して おります。 対象は、義務教育就学児、および有効な学生証を提示いただける方に 限られます。 学割プランの詳細につきましては、当院よりご案内いたしますので、 ご希望の方はお気軽にお申し出ください。 キット 費用(税別) ACP 1 回(1 部位) 50,000 円 ACP(学割) 1 回(1 部位) 35,000 円 ACP ダブルショット 1 回(1 部位) 95,000 円 ACP MAX 1 回(1 部位) 150,000 円 (3) 採血を開始してからのキャンセルについては、キャンセル費用をいただ きます。 11. 試料等の保存及び廃棄の方法 患者様か",
P00362,F0407,長野県,長野整形外科クリニック,第二種,自家多血小板血漿（PRP）を用いた慢性関節炎ならびに関節内軟骨・靭帯損傷の治療（関節内組織）,QC,1.0,https://saiseiiryo.mhlw.go.jp/published_plan/download/01C2503071/5/0,95000,税別,1 回(1 部位),ACP MAX|ACP,0,"。 学割プランの詳細につきましては、当院よりご案内いたしますので、 ご希望の方はお気軽にお申し出ください。 キット 費用(税別) ACP 1 回(1 部位) 50,000 円 ACP(学割) 1 回(1 部位) 35,000 円 ACP ダブルショット 1 回(1 部位) 95,000 円 ACP MAX 1 回(1 部位) 150,000 円 (3) 採血を開始してからのキャンセルについては、キャンセル費用をいただ きます。 11. 試料等の保存及び廃棄の方法 患者様から採取した血液と作製したPRP は、患者様ご自身の治療のみ に使用します。ただし、症例検討や学会発表を目的として、血液やPRP",
P00362,F0407,長野県,長野整形外科クリニック,第二種,自家多血小板血漿（PRP）を用いた慢性関節炎ならびに関節内軟骨・靭帯損傷の治療（関節内組織）,QC,1.0,https://saiseiiryo.mhlw.go.jp/published_plan/download/01C2503071/5/0,150000,税別,1 回(1 部位),ACP MAX|ACP,0,"すので、 ご希望の方はお気軽にお申し出ください。 キット 費用(税別) ACP 1 回(1 部位) 50,000 円 ACP(学割) 1 回(1 部位) 35,000 円 ACP ダブルショット 1 回(1 部位) 95,000 円 ACP MAX 1 回(1 部位) 150,000 円 (3) 採血を開始してからのキャンセルについては、キャンセル費用をいただ きます。 11. 試料等の保存及び廃棄の方法 患者様から採取した血液と作製したPRP は、患者様ご自身の治療のみ に使用します。ただし、症例検討や学会発表を目的として、血液やPRP の測定を行い、データを取得することがあります。 血液およびP",
P00358,F0408,長野県,長野松代総合病院,第二種,変形性関節症および関節腔の傷害を対象とした自家多血小板血漿（PRP）注入療法,QC,0.9447,https://saiseiiryo.mhlw.go.jp/published_plan/download/01C2310035/5/0,5500,不明,,,-8,"明を受けた後に同意されない場合でも、一切不利益を受けることはありません。 また同様に、治療を受けることに同意した場合であっても、投与までの間でしたらい つでも取りやめることができます。この場合でも、一切不利益を受けません。 (採血等にかかる実費等はご負担いただきます。 :採血後のキャンセル料 5,500 円 加工後のキャンセル料 38,500 円) もしこの治療を受けることに同意しない場合も、最適と考えられる治療を実施できる ように患者様の治療に最善を尽くします。 ただし、治療を行った後は、健康管理のために必要に応じて適切な検査を受けていた だき、医学的に問題がないかを確認させていただきます。 11. 試料等の保管及び廃棄の方法に",
P00358,F0408,長野県,長野松代総合病院,第二種,変形性関節症および関節腔の傷害を対象とした自家多血小板血漿（PRP）注入療法,QC,0.9447,https://saiseiiryo.mhlw.go.jp/published_plan/download/01C2310035/5/0,38500,不明,,,-8,"切不利益を受けることはありません。 また同様に、治療を受けることに同意した場合であっても、投与までの間でしたらい つでも取りやめることができます。この場合でも、一切不利益を受けません。 (採血等にかかる実費等はご負担いただきます。 :採血後のキャンセル料 5,500 円 加工後のキャンセル料 38,500 円) もしこの治療を受けることに同意しない場合も、最適と考えられる治療を実施できる ように患者様の治療に最善を尽くします。 ただし、治療を行った後は、健康管理のために必要に応じて適切な検査を受けていた だき、医学的に問題がないかを確認させていただきます。 11. 試料等の保管及び廃棄の方法について この治療にて患者様より採取",
P00504,F0155,山口県,医療法人社団季朋会 王司病院,第三種,自家多血小板血漿（PRP）の投与によるスポーツ外傷を含む筋、腱、靱帯損傷治療,AUTO,1.0,https://saiseiiryo.mhlw.go.jp/published_plan/download/02F2410007/5/0,50000,税込,1 回,GPS|Mycells,8,"この治療は公的保険の対象ではありませんので、当院所定の下記の施術料をお支払いい ただきます。 ・自家PRP を用いた治療(GPSIII キット使用)における施術料 100,000 円(税込) ・自家PRP を用いた治療(MyCells キット使用)における施術料 50,000 円(税込) (別途、事前の血液検査にかかる費用を実費でご負担いただきます。) 原則として、GPSIII は急性期、MyCells は慢性期の方に使用いたしますが、使用するキ ットは患者さまのご希望を考慮して最終的に決定いたします。なお1 回の施術あたりの 費用は、患部の状態を確認した医師の判断、およびそれに応じた自家PRP 投与量等に",
P00504,F0155,山口県,医療法人社団季朋会 王司病院,第三種,自家多血小板血漿（PRP）の投与によるスポーツ外傷を含む筋、腱、靱帯損傷治療,AUTO,1.0,https://saiseiiryo.mhlw.go.jp/published_plan/download/02F2410007/5/0,50000,税込,,GPS|Mycells,8,"し本治療をとりやめた場合には、とりやめた時点までに発生した施術および製造に かかった費用をお支払いいただきます。 ・採血前に治療をとりやめた場合、費用のお支払いはございません。 ・キット開封後から投与までに治療をとりやめた場合、施術料100,000 円(税込、 GPSIII キット使用)もしくは50,000 円(税込、Mycells キット使用)をお支払いいた だきます。 また治療を行った後は、健康管理のために必要に応じて適切な検査を受けていただき、 医学的に問題がないかを確認させていただきます。 14. 個人情報の保護について 「個人情報の保護に関する法律」に基づき、当院",
P00504,F0155,山口県,医療法人社団季朋会 王司病院,第三種,自家多血小板血漿（PRP）の投与によるスポーツ外傷を含む筋、腱、靱帯損傷治療,AUTO,1.0,https://saiseiiryo.mhlw.go.jp/published_plan/download/02F2410007/5/0,100000,税込,,GPS|Mycells,8,", No. 6, 2011 より 11. 治療にかかる費用について この治療は公的保険の対象ではありませんので、当院所定の下記の施術料をお支払いい ただきます。 ・自家PRP を用いた治療(GPSIII キット使用)における施術料 100,000 円(税込) ・自家PRP を用いた治療(MyCells キット使用)における施術料 50,000 円(税込) (別途、事前の血液検査にかかる費用を実費でご負担いただきます。) 原則として、GPSIII は急性期、MyCells は慢性期の方に使用いたしますが、使用するキ ットは患者さまのご希望を考慮して最終的に決定いたします。なお",
P00510,F0193,徳島県,医療法人メディカルトラスト 髙木整形外科医院,第三種,自家多血小板血漿（PRP）を用いた靭帯・腱及び腱付着部の機能障害・疾患の治療,AUTO,1.0,https://saiseiiryo.mhlw.go.jp/published_plan/download/01F2205002/5/0,33000,税込,,ACP|GPS|Zimmer|Arthrex,8,"撤回された場合など、同意を撤回される時点までに費用が発生して いる場合、発生した費用を患者様にご負担いただきますのでご了承 ください。 ZIMMER BIOMET製 GPS®IIIシステム 110,000円(税込) Arthrex Japan 合同会社製 Arthrex ACP ダブルシリンジ 33,000円(税込) 13.他の治療法の有無、本治療法との比較について 靭帯・腱及び腱付着部の機能障害・疾患は、ストレッチをこまめに 行う、患部を酷使するようなスポーツや作業を控えて湿布や外用薬 を服用する、局所麻酔薬やステロイドの注射を行う、などの保存療 法により症状の改善が見られる場合があります。このような保存療 法は、本治療法よりも手軽に、安価",
P00510,F0193,徳島県,医療法人メディカルトラスト 髙木整形外科医院,第三種,自家多血小板血漿（PRP）を用いた靭帯・腱及び腱付着部の機能障害・疾患の治療,AUTO,1.0,https://saiseiiryo.mhlw.go.jp/published_plan/download/01F2205002/5/0,110000,税込,,ACP|APS|GPS|Zimmer,8,"により治 療費が変動する場合があります。 なお、細胞の採取後や自家PRPやAPSの製造を開始した後に同意を 撤回された場合など、同意を撤回される時点までに費用が発生して いる場合、発生した費用を患者様にご負担いただきますのでご了承 ください。 ZIMMER BIOMET製 GPS®IIIシステム 110,000円(税込) Arthrex Japan 合同会社製 Arthrex ACP ダブルシリンジ 33,000円(税込) 13.他の治療法の有無、本治療法との比較について 靭帯・腱及び腱付着部の機能障害・疾患は、ストレッチをこまめに 行う、患部を酷使するようなスポーツや作業を控えて湿布や外用薬 を服用する、局所麻酔薬やステロイドの注射を行う、など",
P00507,F0193,徳島県,医療法人メディカルトラスト 髙木整形外科医院,第二種,自家多血小板血漿（PRP）による関節症治療,AUTO,1.0,https://saiseiiryo.mhlw.go.jp/published_plan/download/01F2205001/5/0,55000,税込,,ACP|APS|GPS|Zimmer,8,"費用が発生して いる場合、発生した費用を患者様にご負担いただきますのでご了承 ください。 ZIMMER BIOMET製 GPS®IIIシステム※1 165,000円(税込) APSキット※2 385,000円(税込) Arthrex Japan 合同会社製 Arthrex ACP ダブルシリンジ 55,000円(税込) ※1:APSキットを使用せず、製造したPRPをそのまま使用する場合 ※2:APSキットを使用して製造したPRPを濃縮する場合 13.他の治療法の有無、本治療法との比較について 変形性関節症をはじめとする関節痛の治療法には保存療法と手術療 法の2つの方法があります。薬物投与、装具装着、リハビリテー ションなどの保存療法で効果がない",
P00507,F0193,徳島県,医療法人メディカルトラスト 髙木整形外科医院,第二種,自家多血小板血漿（PRP）による関節症治療,AUTO,1.0,https://saiseiiryo.mhlw.go.jp/published_plan/download/01F2205001/5/0,165000,税込,,ACP|APS|GPS|Zimmer,8,"より治 療費が変動する場合があります。 なお、細胞の採取後や自家PRPやAPSの製造を開始した後に同意を 撤回された場合など、同意を撤回される時点までに費用が発生して いる場合、発生した費用を患者様にご負担いただきますのでご了承 ください。 ZIMMER BIOMET製 GPS®IIIシステム※1 165,000円(税込) APSキット※2 385,000円(税込) Arthrex Japan 合同会社製 Arthrex ACP ダブルシリンジ 55,000円(税込) ※1:APSキットを使用せず、製造したPRPをそのまま使用する場合 ※2:APSキットを使用して製造したPRPを濃縮する場合 13.他の治療法の有無、本治療法との比較について 変形",
P00507,F0193,徳島県,医療法人メディカルトラスト 髙木整形外科医院,第二種,自家多血小板血漿（PRP）による関節症治療,AUTO,1.0,https://saiseiiryo.mhlw.go.jp/published_plan/download/01F2205001/5/0,385000,税込,,ACP|APS|GPS|Zimmer,8,"細胞の採取後や自家PRPやAPSの製造を開始した後に同意を 撤回された場合など、同意を撤回される時点までに費用が発生して いる場合、発生した費用を患者様にご負担いただきますのでご了承 ください。 ZIMMER BIOMET製 GPS®IIIシステム※1 165,000円(税込) APSキット※2 385,000円(税込) Arthrex Japan 合同会社製 Arthrex ACP ダブルシリンジ 55,000円(税込) ※1:APSキットを使用せず、製造したPRPをそのまま使用する場合 ※2:APSキットを使用して製造したPRPを濃縮する場合 13.他の治療法の有無、本治療法との比較について 変形性関節症をはじめとする関節痛の治療法には保存療",
P00508,F0193,徳島県,医療法人メディカルトラスト 髙木整形外科医院,第二種,自家脂肪組織由来幹細胞（ASC）の投与による関節治療,AUTO,1.0,https://saiseiiryo.mhlw.go.jp/published_plan/download/02F2504001/5/0,1650000,税込,1 回,,8,"位による費用の違いはございません)。ご不明な点は医師・ スタッフにお尋ねください。なお1 回の施術あたりの費用は、患部の状態を確認した医師の判断等により変更となる 自家脂肪組織由来幹細胞(ASC)の投与による関節治療に対する説明書・同意書 7 場合がございます。 初回価格 1 関節 1,650,000 円(税込) 2 関節 1,936,000 円(税込) 初回1 部位のみ投与の場合は2 回目の投与が可能です。 2回目の価格 1 関節 286,000 円(税込) 自家ASC 保管費用:製造した自家ASC は細胞培養加工施設で保管され、本治療に使用する際に当院へ輸 送されます。脂肪組織を採取してから1 年以上を経過した後",
P00508,F0193,徳島県,医療法人メディカルトラスト 髙木整形外科医院,第二種,自家脂肪組織由来幹細胞（ASC）の投与による関節治療,AUTO,1.0,https://saiseiiryo.mhlw.go.jp/published_plan/download/02F2504001/5/0,1936000,税込,1 回,,8,"は医師・ スタッフにお尋ねください。なお1 回の施術あたりの費用は、患部の状態を確認した医師の判断等により変更となる 自家脂肪組織由来幹細胞(ASC)の投与による関節治療に対する説明書・同意書 7 場合がございます。 初回価格 1 関節 1,650,000 円(税込) 2 関節 1,936,000 円(税込) 初回1 部位のみ投与の場合は2 回目の投与が可能です。 2回目の価格 1 関節 286,000 円(税込) 自家ASC 保管費用:製造した自家ASC は細胞培養加工施設で保管され、本治療に使用する際に当院へ輸 送されます。脂肪組織を採取してから1 年以上を経過した後に自家ASC の投与を希望される場合、自家AS",
P00508,F0193,徳島県,医療法人メディカルトラスト 髙木整形外科医院,第二種,自家脂肪組織由来幹細胞（ASC）の投与による関節治療,AUTO,1.0,https://saiseiiryo.mhlw.go.jp/published_plan/download/02F2504001/5/0,286000,税込,1 部位,,0,"脂肪組織由来幹細胞(ASC)の投与による関節治療に対する説明書・同意書 7 場合がございます。 初回価格 1 関節 1,650,000 円(税込) 2 関節 1,936,000 円(税込) 初回1 部位のみ投与の場合は2 回目の投与が可能です。 2回目の価格 1 関節 286,000 円(税込) 自家ASC 保管費用:製造した自家ASC は細胞培養加工施設で保管され、本治療に使用する際に当院へ輸 送されます。脂肪組織を採取してから1 年以上を経過した後に自家ASC の投与を希望される場合、自家ASC の保管費用を別途71,280 円(税込)お支払いいただきます。 キャンセル費用:本治療をとりやめた場合、その時",
P00508,F0193,徳島県,医療法人メディカルトラスト 髙木整形外科医院,第二種,自家脂肪組織由来幹細胞（ASC）の投与による関節治療,AUTO,1.0,https://saiseiiryo.mhlw.go.jp/published_plan/download/02F2504001/5/0,71280,税込,2回,,-2,"可能です。 2回目の価格 1 関節 286,000 円(税込) 自家ASC 保管費用:製造した自家ASC は細胞培養加工施設で保管され、本治療に使用する際に当院へ輸 送されます。脂肪組織を採取してから1 年以上を経過した後に自家ASC の投与を希望される場合、自家ASC の保管費用を別途71,280 円(税込)お支払いいただきます。 キャンセル費用:本治療をとりやめた場合、その時点までに行った施術および細胞培養にかかった費用をお支払い いただきます。 期間 キャンセル費用 脂肪採取前に治療をとりやめた場合 キャンセル費用のお支払いはございません。 脂肪採取~投与8 日前まで 397,000 円(税込) 投与7 日前~",
P00508,F0193,徳島県,医療法人メディカルトラスト 髙木整形外科医院,第二種,自家脂肪組織由来幹細胞（ASC）の投与による関節治療,AUTO,1.0,https://saiseiiryo.mhlw.go.jp/published_plan/download/02F2504001/5/0,397000,税込,,,-2,"円(税込)お支払いいただきます。 キャンセル費用:本治療をとりやめた場合、その時点までに行った施術および細胞培養にかかった費用をお支払い いただきます。 期間 キャンセル費用 脂肪採取前に治療をとりやめた場合 キャンセル費用のお支払いはございません。 脂肪採取~投与8 日前まで 397,000 円(税込) 投与7 日前~投与直前まで 1 関節 500,000 円(税込) 2 関節 826,000 円(税込) ご不明な点は医師・スタッフにお尋ねください。 12. 治療を受けることを拒否することについて この治療を受けるか拒否するかは、ご自身の自由な意思でお決めください。説明を受けた後に同意されない場合で も、",
P00508,F0193,徳島県,医療法人メディカルトラスト 髙木整形外科医院,第二種,自家脂肪組織由来幹細胞（ASC）の投与による関節治療,AUTO,1.0,https://saiseiiryo.mhlw.go.jp/published_plan/download/02F2504001/5/0,500000,税込,,,-2,"めた場合、その時点までに行った施術および細胞培養にかかった費用をお支払い いただきます。 期間 キャンセル費用 脂肪採取前に治療をとりやめた場合 キャンセル費用のお支払いはございません。 脂肪採取~投与8 日前まで 397,000 円(税込) 投与7 日前~投与直前まで 1 関節 500,000 円(税込) 2 関節 826,000 円(税込) ご不明な点は医師・スタッフにお尋ねください。 12. 治療を受けることを拒否することについて この治療を受けるか拒否するかは、ご自身の自由な意思でお決めください。説明を受けた後に同意されない場合で も、不利益を受けることは一切ありません。また同様に、治療を受けることに同意し",
P00508,F0193,徳島県,医療法人メディカルトラスト 髙木整形外科医院,第二種,自家脂肪組織由来幹細胞（ASC）の投与による関節治療,AUTO,1.0,https://saiseiiryo.mhlw.go.jp/published_plan/download/02F2504001/5/0,826000,税込,,,-2,"胞培養にかかった費用をお支払い いただきます。 期間 キャンセル費用 脂肪採取前に治療をとりやめた場合 キャンセル費用のお支払いはございません。 脂肪採取~投与8 日前まで 397,000 円(税込) 投与7 日前~投与直前まで 1 関節 500,000 円(税込) 2 関節 826,000 円(税込) ご不明な点は医師・スタッフにお尋ねください。 12. 治療を受けることを拒否することについて この治療を受けるか拒否するかは、ご自身の自由な意思でお決めください。説明を受けた後に同意されない場合で も、不利益を受けることは一切ありません。また同様に、治療を受けることに同意した場合であっても、投与までの間 でしたらい",
P00535,F0198,愛媛県,社会医療法人石川記念会 HITO病院,第三種,自己多血小板血漿（PRP）を用いた整形外科領域における軟部組織治療,AUTO,0.994,https://saiseiiryo.mhlw.go.jp/published_plan/download/03F2405002/5/0,100000,税別,,,8,"利用して行う治療であるため、診療記録は最終診療日より原則10 年間保 管いたします。 治療にかかる費用について この治療は公的保険の対象ではありませんので、当院所定の施術料をお支払いいただきま す。 ・治療費例:軟部組織治療 100,000 円 (税抜) 上記価格は一例です。PRP を用いた治療に係る詳しい費用につきましては、医師またはスタ ッフにお尋ね下さい。 施術後、患者様の個人的な事情及び金銭等に関する問題に関しては一切の責を負いかねます のでご了承ください。 本治療の実施体制 本治療の実施",
